-1.7490e-01 0.0000e+00
-1.7468e-01 6.0279e-12
-1.7422e-01 -1.8026e-11
-1.7400e-01 -4.3506e-11
-1.7354e-01 1.1204e-11
-1.7332e-01 8.1674e-11
-1.7286e-01 1.2064e-10
-1.7263e-01 9.5157e-11
-1.7218e-01 4.9626e-11
-1.7195e-01 7.4267e-11
-1.7150e-01 1.3471e-10
-1.7127e-01 1.9945e-10
-1.7082e-01 2.4700e-10
-1.7059e-01 2.9169e-10
-1.7014e-01 3.2350e-10
-1.6991e-01 3.5960e-10
-1.6946e-01 3.9427e-10
-1.6923e-01 4.4327e-10
-1.6878e-01 4.2352e-10
-1.6855e-01 4.0233e-10
-1.6810e-01 3.9690e-10
-1.6787e-01 4.0435e-10
-1.6742e-01 4.3758e-10
-1.6719e-01 5.0089e-10
-1.6674e-01 6.0000e-10
-1.6651e-01 6.8479e-10
-1.6606e-01 6.9942e-10
-1.6583e-01 6.9828e-10
-1.6538e-01 7.1146e-10
-1.6515e-01 7.2608e-10
-1.6469e-01 7.4499e-10
-1.6447e-01 7.8253e-10
-1.6401e-01 8.1720e-10
-1.6379e-01 8.3038e-10
-1.6333e-01 8.2495e-10
-1.6311e-01 8.1380e-10
-1.6265e-01 8.4560e-10
-1.6243e-01 8.6738e-10
-1.6197e-01 8.5478e-10
-1.6175e-01 8.3503e-10
-1.6129e-01 8.4679e-10
-1.6107e-01 9.4877e-10
-1.6061e-01 9.9203e-10
-1.6038e-01 1.0253e-09
-1.5993e-01 9.9835e-10
-1.5970e-01 9.6427e-10
-1.5925e-01 9.3449e-10
-1.5902e-01 9.5913e-10
-1.5857e-01 1.0124e-09
-1.5834e-01 1.0113e-09
-1.5789e-01 9.7720e-10
-1.5766e-01 9.4886e-10
-1.5721e-01 9.3484e-10
-1.5698e-01 9.2081e-10
-1.5653e-01 9.4116e-10
-1.5630e-01 9.6438e-10
-1.5585e-01 9.4605e-10
-1.5562e-01 9.0769e-10
-1.5517e-01 9.2518e-10
-1.5494e-01 9.8992e-10
-1.5449e-01 1.0418e-09
-1.5426e-01 1.0779e-09
-1.5381e-01 1.0567e-09
-1.5358e-01 1.0240e-09
-1.5313e-01 1.0157e-09
-1.5290e-01 1.0676e-09
-1.5244e-01 1.1094e-09
-1.5222e-01 1.1412e-09
-1.5176e-01 1.1000e-09
-1.5154e-01 1.0588e-09
-1.5108e-01 1.0347e-09
-1.5086e-01 1.0164e-09
-1.5040e-01 1.0554e-09
-1.5018e-01 1.1129e-09
-1.4972e-01 1.1791e-09
-1.4950e-01 1.1851e-09
-1.4904e-01 1.1597e-09
-1.4882e-01 1.1370e-09
-1.4836e-01 1.1402e-09
-1.4813e-01 1.1620e-09
-1.4768e-01 1.1838e-09
-1.4745e-01 1.1597e-09
-1.4700e-01 1.0941e-09
-1.4677e-01 1.0242e-09
-1.4632e-01 1.0088e-09
-1.4609e-01 9.9619e-10
-1.4564e-01 9.4207e-10
-1.4541e-01 8.8652e-10
-1.4496e-01 8.4529e-10
-1.4473e-01 7.9833e-10
-1.4428e-01 7.3992e-10
-1.4405e-01 6.8437e-10
-1.4360e-01 6.5316e-10
-1.4337e-01 6.2051e-10
-1.4292e-01 5.6639e-10
-1.4269e-01 4.9938e-10
-1.4224e-01 4.2665e-10
-1.4201e-01 3.6966e-10
-1.4156e-01 3.2413e-10
-1.4133e-01 3.0007e-10
-1.4088e-01 3.0037e-10
-1.4065e-01 3.1786e-10
-1.4019e-01 2.6087e-10
-1.3997e-01 1.8956e-10
-1.3951e-01 1.3830e-10
-1.3929e-01 9.2768e-11
-1.3883e-01 6.1559e-11
-1.3861e-01 2.8911e-11
-1.3815e-01 -2.3774e-11
-1.3793e-01 -1.0224e-10
-1.3747e-01 -1.8787e-10
-1.3725e-01 -2.3769e-10
-1.3679e-01 -2.4456e-10
-1.3657e-01 -2.4856e-10
-1.3611e-01 -3.2560e-10
-1.3588e-01 -4.0407e-10
-1.3543e-01 -4.4101e-10
-1.3520e-01 -4.7794e-10
-1.3475e-01 -5.0486e-10
-1.3452e-01 -5.3034e-10
-1.3407e-01 -6.1167e-10
-1.3384e-01 -6.9444e-10
-1.3339e-01 -7.4283e-10
-1.3316e-01 -7.6402e-10
-1.3271e-01 -7.7662e-10
-1.3248e-01 -7.9064e-10
-1.3203e-01 -8.5909e-10
-1.3180e-01 -9.2323e-10
-1.3135e-01 -9.6732e-10
-1.3112e-01 -9.8994e-10
-1.3067e-01 -9.7389e-10
-1.3044e-01 -9.5641e-10
-1.2999e-01 -9.5897e-10
-1.2976e-01 -9.6011e-10
-1.2931e-01 -9.4979e-10
-1.2908e-01 -9.5380e-10
-1.2863e-01 -9.8501e-10
-1.2840e-01 -9.8901e-10
-1.2794e-01 -9.5864e-10
-1.2772e-01 -9.4402e-10
-1.2726e-01 -8.9503e-10
-1.2704e-01 -8.4032e-10
-1.2658e-01 -8.0564e-10
-1.2636e-01 -8.0248e-10
-1.2590e-01 -8.2367e-10
-1.2568e-01 -8.4629e-10
-1.2522e-01 -8.6604e-10
-1.2500e-01 -8.8723e-10
-1.2454e-01 -8.8550e-10
-1.2432e-01 -8.8234e-10
-1.2386e-01 -8.5770e-10
-1.2363e-01 -8.3019e-10
-1.2318e-01 -7.9123e-10
-1.2295e-01 -7.5513e-10
-1.2250e-01 -7.6200e-10
-1.2227e-01 -7.6887e-10
-1.2182e-01 -7.5282e-10
-1.2159e-01 -7.2674e-10
-1.2114e-01 -6.9064e-10
-1.2091e-01 -6.3450e-10
-1.2046e-01 -6.2704e-10
-1.2023e-01 -6.4679e-10
-1.1978e-01 -6.7085e-10
-1.1955e-01 -6.8345e-10
-1.1910e-01 -6.7599e-10
-1.1887e-01 -6.6996e-10
-1.1842e-01 -6.6251e-10
-1.1819e-01 -6.7224e-10
-1.1774e-01 -6.7767e-10
-1.1751e-01 -6.8024e-10
-1.1706e-01 -6.7707e-10
-1.1683e-01 -6.7391e-10
-1.1638e-01 -6.7648e-10
-1.1615e-01 -6.7904e-10
-1.1569e-01 -6.6442e-10
-1.1547e-01 -6.5553e-10
-1.1501e-01 -6.6382e-10
-1.1479e-01 -6.9503e-10
-1.1433e-01 -6.8327e-10
-1.1411e-01 -6.6865e-10
-1.1365e-01 -6.4401e-10
-1.1343e-01 -6.1507e-10
-1.1297e-01 -6.2050e-10
-1.1275e-01 -6.2020e-10
-1.1229e-01 -6.0988e-10
-1.1206e-01 -6.0099e-10
-1.1161e-01 -5.9496e-10
-1.1138e-01 -6.1615e-10
-1.1093e-01 -6.6741e-10
-1.1070e-01 -6.8430e-10
-1.1025e-01 -6.7111e-10
-1.1002e-01 -6.6509e-10
-1.0957e-01 -6.6192e-10
-1.0934e-01 -6.4874e-10
-1.0889e-01 -6.5990e-10
-1.0866e-01 -6.7250e-10
-1.0821e-01 -7.0801e-10
-1.0798e-01 -7.4352e-10
-1.0753e-01 -7.4180e-10
-1.0730e-01 -7.4436e-10
-1.0685e-01 -8.1567e-10
-1.0662e-01 -8.9844e-10
-1.0617e-01 -9.7977e-10
-1.0594e-01 -1.0124e-09
-1.0549e-01 -1.0150e-09
-1.0526e-01 -1.0190e-09
-1.0481e-01 -1.0860e-09
-1.0458e-01 -1.1702e-09
-1.0413e-01 -1.2444e-09
-1.0390e-01 -1.2469e-09
-1.0344e-01 -1.2567e-09
-1.0322e-01 -1.2778e-09
-1.0276e-01 -1.3821e-09
-1.0254e-01 -1.4878e-09
-1.0208e-01 -1.5534e-09
-1.0186e-01 -1.5989e-09
-1.0140e-01 -1.6043e-09
-1.0118e-01 -1.6513e-09
-1.0072e-01 -1.8142e-09
-1.0050e-01 -1.9800e-09
-1.0004e-01 -2.1129e-09
-9.9815e-02 -2.2258e-09
-9.9361e-02 -2.2971e-09
-9.9134e-02 -2.4013e-09
-9.8681e-02 -2.5170e-09
-9.8454e-02 -2.6428e-09
-9.8000e-02 -2.7699e-09
-9.7773e-02 -2.8398e-09
-9.7320e-02 -2.8696e-09
-9.7093e-02 -2.9008e-09
-9.6639e-02 -3.0279e-09
-9.6412e-02 -3.1508e-09
-9.5958e-02 -3.2150e-09
-9.5732e-02 -3.2204e-09
-9.5278e-02 -3.2387e-09
-9.5051e-02 -3.2585e-09
-9.4597e-02 -3.3956e-09
-9.4371e-02 -3.5342e-09
-9.3917e-02 -3.6485e-09
-9.3690e-02 -3.7270e-09
-9.3236e-02 -3.7553e-09
-9.3009e-02 -3.7737e-09
-9.2556e-02 -3.8808e-09
-9.2329e-02 -4.0065e-09
-9.1875e-02 -4.1122e-09
-9.1648e-02 -4.1992e-09
-9.1195e-02 -4.2018e-09
-9.0968e-02 -4.1986e-09
-9.0514e-02 -4.2528e-09
-9.0287e-02 -4.2997e-09
-8.9833e-02 -4.3410e-09
-8.9607e-02 -4.3335e-09
-8.9153e-02 -4.2988e-09
-8.8926e-02 -4.2656e-09
-8.8472e-02 -4.2868e-09
-8.8246e-02 -4.3352e-09
-8.7792e-02 -4.3693e-09
-8.7565e-02 -4.3246e-09
-8.7111e-02 -4.2269e-09
-8.6884e-02 -4.1478e-09
-8.6431e-02 -4.1418e-09
-8.6204e-02 -4.1515e-09
-8.5750e-02 -4.1613e-09
-8.5523e-02 -4.1223e-09
-8.5070e-02 -4.0260e-09
-8.4843e-02 -3.9226e-09
-8.4389e-02 -3.9109e-09
-8.4162e-02 -3.9120e-09
-8.3708e-02 -3.8659e-09
-8.3482e-02 -3.8155e-09
-8.3028e-02 -3.7035e-09
-8.2801e-02 -3.6488e-09
-8.2347e-02 -3.6657e-09
-8.2120e-02 -3.6854e-09
-8.1667e-02 -3.6636e-09
-8.1440e-02 -3.5774e-09
-8.0986e-02 -3.4668e-09
-8.0759e-02 -3.3577e-09
-8.0306e-02 -3.3144e-09
-8.0079e-02 -3.3027e-09
-7.9625e-02 -3.2952e-09
-7.9398e-02 -3.2104e-09
-7.8945e-02 -3.0884e-09
-7.8718e-02 -2.9678e-09
-7.8264e-02 -2.9432e-09
-7.8037e-02 -2.9271e-09
-7.7583e-02 -2.9583e-09
-7.7357e-02 -2.9824e-09
-7.6903e-02 -2.9635e-09
-7.6676e-02 -2.9259e-09
-7.6222e-02 -2.8812e-09
-7.5995e-02 -2.8509e-09
-7.5542e-02 -2.8219e-09
-7.5315e-02 -2.7858e-09
-7.4861e-02 -2.7426e-09
-7.4634e-02 -2.7408e-09
-7.4181e-02 -2.7706e-09
-7.3954e-02 -2.8076e-09
-7.3500e-02 -2.8044e-09
-7.3273e-02 -2.7755e-09
-7.2820e-02 -2.7408e-09
-7.2593e-02 -2.7076e-09
-7.2139e-02 -2.7273e-09
-7.1912e-02 -2.7685e-09
-7.1458e-02 -2.8269e-09
-7.1232e-02 -2.8224e-09
-7.0778e-02 -2.8178e-09
-7.0551e-02 -2.8146e-09
-7.0097e-02 -2.8372e-09
-6.9870e-02 -2.8641e-09
-6.9417e-02 -2.8997e-09
-6.9190e-02 -2.9223e-09
-6.8736e-02 -2.9277e-09
-6.8509e-02 -2.9346e-09
-6.8056e-02 -2.9744e-09
-6.7829e-02 -3.0156e-09
-6.7375e-02 -3.0382e-09
-6.7148e-02 -3.0565e-09
-6.6695e-02 -3.0476e-09
-6.6468e-02 -3.0402e-09
-6.6014e-02 -3.0456e-09
-6.5787e-02 -3.0453e-09
-6.5333e-02 -3.0837e-09
-6.5107e-02 -3.1206e-09
-6.4653e-02 -3.1046e-09
-6.4426e-02 -3.0857e-09
-6.3972e-02 -3.0553e-09
-6.3745e-02 -3.0278e-09
-6.3292e-02 -3.0418e-09
-6.3065e-02 -3.1031e-09
-6.2611e-02 -3.1286e-09
-6.2384e-02 -3.1483e-09
-6.1931e-02 -3.1394e-09
-6.1704e-02 -3.1334e-09
-6.1250e-02 -3.1503e-09
-6.1023e-02 -3.1428e-09
-6.0570e-02 -3.1325e-09
-6.0343e-02 -3.1050e-09
-5.9889e-02 -3.0990e-09
-5.9662e-02 -3.1087e-09
-5.9208e-02 -3.1714e-09
-5.8982e-02 -3.1840e-09
-5.8528e-02 -3.1608e-09
-5.8301e-02 -3.1075e-09
-5.7847e-02 -3.0671e-09
-5.7620e-02 -3.0582e-09
-5.7167e-02 -3.0837e-09
-5.6940e-02 -3.1106e-09
-5.6486e-02 -3.0688e-09
-5.6259e-02 -3.0112e-09
-5.5806e-02 -2.9078e-09
-5.5579e-02 -2.8417e-09
-5.5125e-02 -2.8514e-09
-5.4898e-02 -2.8540e-09
-5.4445e-02 -2.8365e-09
-5.4218e-02 -2.7932e-09
-5.3764e-02 -2.6855e-09
-5.3537e-02 -2.5735e-09
-5.3083e-02 -2.4672e-09
-5.2857e-02 -2.3710e-09
-5.2403e-02 -2.2848e-09
-5.2176e-02 -2.2071e-09
-5.1722e-02 -2.1252e-09
-5.1495e-02 -2.0490e-09
-5.1042e-02 -1.9714e-09
-5.0815e-02 -1.8952e-09
-5.0361e-02 -1.8233e-09
-5.0134e-02 -1.7485e-09
-4.9681e-02 -1.6437e-09
-4.9454e-02 -1.5403e-09
-4.9000e-02 -1.4354e-09
-4.8773e-02 -1.3449e-09
-4.8320e-02 -1.2859e-09
-4.8093e-02 -1.2369e-09
-4.7639e-02 -1.2166e-09
-4.7412e-02 -1.1805e-09
-4.6958e-02 -1.1329e-09
-4.6732e-02 -1.0753e-09
-4.6278e-02 -1.0249e-09
-4.6051e-02 -1.0060e-09
-4.5597e-02 -1.0114e-09
-4.5370e-02 -1.0183e-09
-4.4917e-02 -9.8793e-10
-4.4690e-02 -9.1890e-10
-4.4236e-02 -8.6419e-10
-4.4009e-02 -8.6819e-10
-4.3556e-02 -9.2374e-10
-4.3329e-02 -9.8073e-10
-4.2875e-02 -9.9046e-10
-4.2648e-02 -9.8014e-10
-4.2195e-02 -9.4977e-10
-4.1968e-02 -9.6523e-10
-4.1514e-02 -1.0265e-09
-4.1287e-02 -1.0677e-09
-4.0833e-02 -1.0989e-09
-4.0607e-02 -1.1302e-09
-4.0153e-02 -1.1685e-09
-3.9926e-02 -1.2155e-09
-3.9472e-02 -1.2639e-09
-3.9245e-02 -1.2922e-09
-3.8792e-02 -1.2805e-09
-3.8565e-02 -1.2472e-09
-3.8111e-02 -1.2255e-09
-3.7884e-02 -1.2438e-09
-3.7431e-02 -1.3581e-09
-3.7204e-02 -1.4924e-09
-3.6750e-02 -1.5494e-09
-3.6523e-02 -1.5476e-09
-3.6070e-02 -1.5359e-09
-3.5843e-02 -1.5871e-09
-3.5389e-02 -1.6470e-09
-3.5162e-02 -1.6997e-09
-3.4708e-02 -1.7853e-09
-3.4482e-02 -1.8666e-09
-3.4028e-02 -1.9279e-09
-3.3801e-02 -1.9734e-09
-3.3347e-02 -1.9932e-09
-3.3120e-02 -2.0001e-09
-3.2667e-02 -2.0141e-09
-3.2440e-02 -2.0281e-09
-3.1986e-02 -2.0808e-09
-3.1759e-02 -2.1435e-09
-3.1306e-02 -2.1962e-09
-3.1079e-02 -2.2073e-09
-3.0625e-02 -2.1899e-09
-3.0398e-02 -2.1709e-09
-2.9945e-02 -2.1578e-09
-2.9718e-02 -2.1790e-09
-2.9264e-02 -2.2503e-09
-2.9037e-02 -2.3216e-09
-2.8583e-02 -2.3342e-09
-2.8357e-02 -2.3210e-09
-2.7903e-02 -2.3078e-09
-2.7676e-02 -2.2989e-09
-2.7222e-02 -2.2829e-09
-2.6995e-02 -2.2726e-09
-2.6542e-02 -2.2694e-09
-2.6315e-02 -2.2662e-09
-2.5861e-02 -2.2530e-09
-2.5634e-02 -2.2413e-09
-2.5181e-02 -2.2754e-09
-2.4954e-02 -2.3137e-09
-2.4500e-02 -2.2991e-09
-2.4273e-02 -2.2859e-09
-2.3819e-02 -2.3057e-09
-2.3593e-02 -2.3340e-09
-2.3139e-02 -2.3724e-09
-2.2912e-02 -2.4365e-09
-2.2458e-02 -2.4992e-09
-2.2232e-02 -2.5276e-09
-2.1778e-02 -2.5201e-09
-2.1551e-02 -2.5198e-09
-2.1097e-02 -2.5682e-09
-2.0870e-02 -2.6166e-09
-2.0417e-02 -2.6493e-09
-2.0190e-02 -2.6518e-09
-1.9736e-02 -2.6515e-09
-1.9509e-02 -2.6312e-09
-1.9056e-02 -2.6237e-09
-1.8829e-02 -2.6335e-09
-1.8375e-02 -2.6432e-09
-1.8148e-02 -2.6544e-09
-1.7694e-02 -2.6741e-09
-1.7468e-02 -2.7082e-09
-1.7014e-02 -2.7537e-09
-1.6787e-02 -2.8050e-09
-1.6333e-02 -2.8577e-09
-1.6107e-02 -2.8574e-09
-1.5653e-02 -2.7726e-09
-1.5426e-02 -2.6921e-09
-1.4972e-02 -2.6989e-09
-1.4745e-02 -2.7803e-09
-1.4292e-02 -2.8544e-09
-1.4065e-02 -2.8814e-09
-1.3611e-02 -2.8553e-09
-1.3384e-02 -2.8292e-09
-1.2931e-02 -2.8447e-09
-1.2704e-02 -2.8773e-09
-1.2250e-02 -2.9128e-09
-1.2023e-02 -2.9612e-09
-1.1569e-02 -3.0082e-09
-1.1343e-02 -3.0294e-09
-1.0889e-02 -3.0176e-09
-1.0662e-02 -3.0059e-09
-1.0208e-02 -3.0442e-09
-9.9815e-03 -3.0812e-09
-9.5278e-03 -3.0894e-09
-9.3009e-03 -3.1221e-09
-8.8472e-03 -3.1590e-09
-8.6204e-03 -3.1945e-09
-8.1667e-03 -3.2129e-09
-7.9398e-03 -3.2427e-09
-7.4861e-03 -3.3541e-09
-7.2593e-03 -3.4569e-09
-6.8056e-03 -3.4881e-09
-6.5787e-03 -3.4964e-09
-6.1250e-03 -3.5147e-09
-5.8982e-03 -3.5960e-09
-5.4445e-03 -3.6960e-09
-5.2176e-03 -3.7945e-09
-4.7639e-03 -3.8272e-09
-4.5370e-03 -3.8498e-09
-4.0833e-03 -3.8380e-09
-3.8565e-03 -3.8621e-09
-3.4028e-03 -3.9792e-09
-3.1759e-03 -4.0921e-09
-2.7222e-03 -4.1333e-09
-2.4954e-03 -4.1573e-09
-2.0417e-03 -4.1857e-09
-1.8148e-03 -4.2169e-09
-1.3611e-03 -4.2982e-09
-1.1343e-03 -4.3838e-09
-6.8055e-04 -4.4322e-09
-4.5370e-04 -4.4319e-09
-1.0000e-08 -4.4359e-09
2.2686e-04 -4.4715e-09
6.8057e-04 -4.5585e-09
9.0742e-04 -4.6456e-09
1.3611e-03 -4.6768e-09
1.5880e-03 -4.6736e-09
2.0417e-03 -4.6604e-09
2.2685e-03 -4.6831e-09
2.7222e-03 -4.7830e-09
2.9491e-03 -4.8873e-09
3.4028e-03 -4.9471e-09
3.6296e-03 -4.9812e-09
4.0833e-03 -4.9494e-09
4.3102e-03 -4.9233e-09
4.7639e-03 -5.0046e-09
4.9907e-03 -5.0874e-09
5.4445e-03 -5.1472e-09
5.6713e-03 -5.1684e-09
6.1250e-03 -5.1753e-09
6.3519e-03 -5.1822e-09
6.8056e-03 -5.2349e-09
7.0324e-03 -5.2861e-09
7.4861e-03 -5.3273e-09
7.7130e-03 -5.3557e-09
8.1667e-03 -5.3969e-09
8.3935e-03 -5.4625e-09
8.8472e-03 -5.5023e-09
9.0741e-03 -5.5264e-09
9.5278e-03 -5.5117e-09
9.7546e-03 -5.4900e-09
1.0208e-02 -5.4352e-09
1.0435e-02 -5.4650e-09
1.0889e-02 -5.5206e-09
1.1116e-02 -5.5690e-09
1.1569e-02 -5.5515e-09
1.1796e-02 -5.5168e-09
1.2250e-02 -5.4492e-09
1.2477e-02 -5.4532e-09
1.2931e-02 -5.4830e-09
1.3157e-02 -5.5128e-09
1.3611e-02 -5.5168e-09
1.3838e-02 -5.5193e-09
1.4292e-02 -5.5434e-09
1.4519e-02 -5.5675e-09
1.4972e-02 -5.6101e-09
1.5199e-02 -5.6771e-09
1.5653e-02 -5.7398e-09
1.5880e-02 -5.7209e-09
1.6333e-02 -5.6748e-09
1.6560e-02 -5.6330e-09
1.7014e-02 -5.6756e-09
1.7241e-02 -5.7212e-09
1.7694e-02 -5.7452e-09
1.7921e-02 -5.7449e-09
1.8375e-02 -5.7403e-09
1.8602e-02 -5.7787e-09
1.9056e-02 -5.8486e-09
1.9282e-02 -5.9127e-09
1.9736e-02 -5.9411e-09
1.9963e-02 -5.9623e-09
2.0417e-02 -5.9333e-09
2.0644e-02 -5.9158e-09
2.1097e-02 -5.9327e-09
2.1324e-02 -5.9596e-09
2.1778e-02 -5.9865e-09
2.2005e-02 -5.9948e-09
2.2458e-02 -6.0375e-09
2.2685e-02 -6.0802e-09
2.3139e-02 -6.1100e-09
2.3366e-02 -6.0853e-09
2.3819e-02 -6.0292e-09
2.4046e-02 -5.9845e-09
2.4500e-02 -5.9512e-09
2.4727e-02 -5.9166e-09
2.5181e-02 -5.9148e-09
2.5407e-02 -5.9260e-09
2.5861e-02 -5.9543e-09
2.6088e-02 -5.9727e-09
2.6542e-02 -5.9194e-09
2.6769e-02 -5.8446e-09
2.7222e-02 -5.7613e-09
2.7449e-02 -5.7037e-09
2.7903e-02 -5.7005e-09
2.8130e-02 -5.7146e-09
2.8583e-02 -5.7243e-09
2.8810e-02 -5.6911e-09
2.9264e-02 -5.6249e-09
2.9491e-02 -5.5616e-09
2.9944e-02 -5.5541e-09
3.0171e-02 -5.6083e-09
3.0625e-02 -5.6652e-09
3.0852e-02 -5.7079e-09
3.1306e-02 -5.6561e-09
3.1532e-02 -5.6071e-09
3.1986e-02 -5.6068e-09
3.2213e-02 -5.6337e-09
3.2667e-02 -5.6377e-09
3.2894e-02 -5.6417e-09
3.3347e-02 -5.6328e-09
3.3574e-02 -5.6239e-09
3.4028e-02 -5.6737e-09
3.4255e-02 -5.7579e-09
3.4708e-02 -5.8063e-09
3.4935e-02 -5.8318e-09
3.5389e-02 -5.7828e-09
3.5616e-02 -5.7281e-09
3.6069e-02 -5.6977e-09
3.6296e-02 -5.6688e-09
3.6750e-02 -5.6499e-09
3.6977e-02 -5.6310e-09
3.7431e-02 -5.5877e-09
3.7657e-02 -5.5043e-09
3.8111e-02 -5.4210e-09
3.8338e-02 -5.3390e-09
3.8792e-02 -5.2743e-09
3.9019e-02 -5.2096e-09
3.9472e-02 -5.1248e-09
3.9699e-02 -5.0557e-09
4.0153e-02 -4.9824e-09
4.0380e-02 -4.8876e-09
4.0833e-02 -4.7713e-09
4.1060e-02 -4.6507e-09
4.1514e-02 -4.5387e-09
4.1741e-02 -4.4253e-09
4.2195e-02 -4.3262e-09
4.2421e-02 -4.2328e-09
4.2875e-02 -4.1523e-09
4.3102e-02 -4.0847e-09
4.3556e-02 -4.0185e-09
4.3782e-02 -3.9266e-09
4.4236e-02 -3.8246e-09
4.4463e-02 -3.7226e-09
4.4917e-02 -3.6135e-09
4.5144e-02 -3.5101e-09
4.5597e-02 -3.4367e-09
4.5824e-02 -3.3634e-09
4.6278e-02 -3.2442e-09
4.6505e-02 -3.1165e-09
4.6958e-02 -3.0403e-09
4.7185e-02 -2.9770e-09
4.7639e-02 -2.9566e-09
4.7866e-02 -2.9348e-09
4.8320e-02 -2.8901e-09
4.8546e-02 -2.8240e-09
4.9000e-02 -2.7335e-09
4.9227e-02 -2.6401e-09
4.9681e-02 -2.5367e-09
4.9907e-02 -2.4261e-09
5.0361e-02 -2.2926e-09
5.0588e-02 -2.1835e-09
5.1042e-02 -2.0672e-09
5.1269e-02 -1.9609e-09
5.1722e-02 -1.8747e-09
5.1949e-02 -1.7870e-09
5.2403e-02 -1.6650e-09
5.2630e-02 -1.5530e-09
5.3083e-02 -1.4725e-09
5.3310e-02 -1.4407e-09
5.3764e-02 -1.4246e-09
5.3991e-02 -1.3857e-09
5.4445e-02 -1.3095e-09
5.4671e-02 -1.2361e-09
5.5125e-02 -1.1571e-09
5.5352e-02 -1.0795e-09
5.5806e-02 -1.0004e-09
5.6033e-02 -9.3852e-10
5.6486e-02 -9.0671e-10
5.6713e-02 -8.4627e-10
5.7167e-02 -7.7580e-10
5.7394e-02 -7.0819e-10
5.7847e-02 -6.5062e-10
5.8074e-02 -5.8731e-10
5.8528e-02 -4.9106e-10
5.8755e-02 -3.8766e-10
5.9208e-02 -2.7995e-10
5.9435e-02 -1.6222e-10
5.9889e-02 -8.7464e-11
6.0116e-02 -2.1296e-11
6.0570e-02 4.4872e-11
6.0796e-02 1.2680e-10
6.1250e-02 2.4883e-10
6.1477e-02 3.5081e-10
6.1931e-02 3.9121e-10
6.2157e-02 3.7432e-10
6.2611e-02 4.0900e-10
6.2838e-02 4.7087e-10
6.3292e-02 6.0150e-10
6.3519e-02 7.3499e-10
6.3972e-02 7.9973e-10
6.4199e-02 8.4300e-10
6.4653e-02 9.1633e-10
6.4880e-02 1.0040e-09
6.5333e-02 1.0888e-09
6.5560e-02 1.1421e-09
6.6014e-02 1.1796e-09
6.6241e-02 1.2171e-09
6.6695e-02 1.2790e-09
6.6921e-02 1.3652e-09
6.7375e-02 1.4873e-09
6.7602e-02 1.5892e-09
6.8056e-02 1.6239e-09
6.8283e-02 1.6471e-09
6.8736e-02 1.7133e-09
6.8963e-02 1.7852e-09
6.9417e-02 1.8428e-09
6.9644e-02 1.8889e-09
7.0097e-02 1.9336e-09
7.0324e-02 1.9468e-09
7.0778e-02 1.9986e-09
7.1005e-02 2.0591e-09
7.1458e-02 2.0723e-09
7.1685e-02 2.0869e-09
7.2139e-02 2.1416e-09
7.2366e-02 2.1934e-09
7.2820e-02 2.2109e-09
7.3046e-02 2.1783e-09
7.3500e-02 2.1227e-09
7.3727e-02 2.0615e-09
7.4181e-02 2.0517e-09
7.4408e-02 2.0635e-09
7.4861e-02 2.1024e-09
7.5088e-02 2.1328e-09
7.5542e-02 2.0987e-09
7.5769e-02 2.0804e-09
7.6222e-02 2.0879e-09
7.6449e-02 2.0953e-09
7.6903e-02 2.0713e-09
7.7130e-02 2.0472e-09
7.7583e-02 1.9988e-09
7.7810e-02 1.9590e-09
7.8264e-02 2.0381e-09
7.8491e-02 2.1272e-09
7.8945e-02 2.1919e-09
7.9171e-02 2.2022e-09
7.9625e-02 2.1868e-09
7.9852e-02 2.1713e-09
8.0306e-02 2.1673e-09
8.0533e-02 2.1919e-09
8.0986e-02 2.2409e-09
8.1213e-02 2.2656e-09
8.1667e-02 2.2387e-09
8.1894e-02 2.2103e-09
8.2347e-02 2.2149e-09
8.2574e-02 2.2209e-09
8.3028e-02 2.2728e-09
8.3255e-02 2.3304e-09
8.3708e-02 2.3650e-09
8.3935e-02 2.3696e-09
8.4389e-02 2.3613e-09
8.4616e-02 2.3530e-09
8.5070e-02 2.3791e-09
8.5296e-02 2.4052e-09
8.5750e-02 2.4356e-09
8.5977e-02 2.4545e-09
8.6431e-02 2.4648e-09
8.6658e-02 2.5367e-09
8.7111e-02 2.6200e-09
8.7338e-02 2.6762e-09
8.7792e-02 2.6335e-09
8.8019e-02 2.5866e-09
8.8472e-02 2.5926e-09
8.8699e-02 2.6215e-09
8.9153e-02 2.6734e-09
8.9380e-02 2.7567e-09
8.9833e-02 2.7800e-09
9.0060e-02 2.7731e-09
9.0514e-02 2.7805e-09
9.0741e-02 2.7909e-09
9.1195e-02 2.8399e-09
9.1421e-02 2.8559e-09
9.1875e-02 2.8705e-09
9.2102e-02 2.8622e-09
9.2556e-02 2.9313e-09
9.2783e-02 3.0146e-09
9.3236e-02 3.1123e-09
9.3463e-02 3.1856e-09
9.3917e-02 3.1616e-09
9.4144e-02 3.0702e-09
9.4597e-02 2.9731e-09
9.4824e-02 2.9004e-09
9.5278e-02 2.8677e-09
9.5505e-02 2.8509e-09
9.5958e-02 2.8268e-09
9.6185e-02 2.7970e-09
9.6639e-02 2.7343e-09
9.6866e-02 2.6744e-09
9.7320e-02 2.6604e-09
9.7546e-02 2.7008e-09
9.8000e-02 2.6925e-09
9.8227e-02 2.6771e-09
9.8681e-02 2.6187e-09
9.8908e-02 2.5602e-09
9.9361e-02 2.5419e-09
9.9588e-02 2.4964e-09
1.0004e-01 2.4466e-09
1.0027e-01 2.4010e-09
1.0072e-01 2.3827e-09
1.0095e-01 2.3644e-09
1.0140e-01 2.3375e-09
1.0163e-01 2.3120e-09
1.0208e-01 2.2765e-09
1.0231e-01 2.1822e-09
1.0276e-01 2.0680e-09
1.0299e-01 1.9580e-09
1.0344e-01 1.8609e-09
1.0367e-01 1.7925e-09
1.0413e-01 1.7369e-09
1.0435e-01 1.6814e-09
1.0481e-01 1.5585e-09
1.0503e-01 1.3927e-09
1.0549e-01 1.1996e-09
1.0571e-01 1.0682e-09
1.0617e-01 9.8973e-10
1.0639e-01 9.1413e-10
1.0685e-01 8.3853e-10
1.0707e-01 7.5289e-10
1.0753e-01 6.1142e-10
1.0775e-01 4.7711e-10
1.0821e-01 3.9434e-10
1.0844e-01 3.3879e-10
1.0889e-01 2.5173e-10
1.0912e-01 1.6323e-10
1.0957e-01 9.6226e-11
1.0980e-01 1.7761e-11
1.1025e-01 -6.5006e-11
1.1048e-01 -1.4061e-10
1.1093e-01 -2.1334e-10
1.1116e-01 -2.8894e-10
1.1161e-01 -3.4449e-10
1.1184e-01 -4.0004e-10
1.1229e-01 -4.7851e-10
1.1252e-01 -5.5697e-10
1.1297e-01 -6.7411e-10
1.1320e-01 -7.7693e-10
1.1365e-01 -8.7975e-10
1.1388e-01 -9.7970e-10
1.1433e-01 -1.0381e-09
1.1456e-01 -1.0879e-09
1.1501e-01 -1.1005e-09
1.1524e-01 -1.1189e-09
1.1569e-01 -1.1572e-09
1.1592e-01 -1.1985e-09
1.1638e-01 -1.2698e-09
1.1660e-01 -1.3525e-09
1.1706e-01 -1.4009e-09
1.1728e-01 -1.4064e-09
1.1774e-01 -1.4161e-09
1.1796e-01 -1.4244e-09
1.1842e-01 -1.4169e-09
1.1864e-01 -1.4324e-09
1.1910e-01 -1.4779e-09
1.1932e-01 -1.5120e-09
1.1978e-01 -1.5017e-09
1.2000e-01 -1.4942e-09
1.2046e-01 -1.5254e-09
1.2069e-01 -1.5652e-09
1.2114e-01 -1.5692e-09
1.2137e-01 -1.5546e-09
1.2182e-01 -1.5472e-09
1.2205e-01 -1.5283e-09
1.2250e-01 -1.4878e-09
1.2273e-01 -1.4489e-09
1.2318e-01 -1.4199e-09
1.2341e-01 -1.3767e-09
1.2386e-01 -1.2919e-09
1.2409e-01 -1.2229e-09
1.2454e-01 -1.2111e-09
1.2477e-01 -1.2137e-09
1.2522e-01 -1.2349e-09
1.2545e-01 -1.2646e-09
1.2590e-01 -1.2171e-09
1.2613e-01 -1.1609e-09
1.2658e-01 -1.0933e-09
1.2681e-01 -1.0730e-09
1.2726e-01 -1.0684e-09
1.2749e-01 -1.0538e-09
1.2794e-01 -9.9046e-10
1.2817e-01 -9.3718e-10
1.2863e-01 -8.9677e-10
1.2885e-01 -8.5637e-10
1.2931e-01 -8.1024e-10
1.2953e-01 -7.4836e-10
1.2999e-01 -7.0654e-10
1.3021e-01 -6.7187e-10
1.3067e-01 -6.5009e-10
1.3089e-01 -6.2258e-10
1.3135e-01 -5.8935e-10
1.3157e-01 -5.5468e-10
1.3203e-01 -4.9567e-10
1.3225e-01 -4.3523e-10
1.3271e-01 -4.0772e-10
1.3294e-01 -3.8308e-10
1.3339e-01 -3.6846e-10
1.3362e-01 -3.4095e-10
1.3407e-01 -3.1201e-10
1.3430e-01 -2.8593e-10
1.3475e-01 -2.7275e-10
1.3498e-01 -2.5670e-10
1.3543e-01 -2.3062e-10
1.3566e-01 -2.2031e-10
1.3611e-01 -2.0712e-10
1.3634e-01 -1.9250e-10
1.3679e-01 -1.6786e-10
1.3702e-01 -1.4895e-10
1.3747e-01 -1.2573e-10
1.3770e-01 -7.8179e-11
1.3815e-01 -3.3488e-11
1.3838e-01 -1.8866e-11
1.3883e-01 -1.1412e-11
1.3906e-01 -5.9808e-11
1.3951e-01 -1.0963e-10
1.3974e-01 -1.4514e-10
1.4019e-01 -1.2193e-10
1.4042e-01 -1.1876e-10
1.4088e-01 -1.0987e-10
1.4110e-01 -1.3821e-10
1.4156e-01 -1.7086e-10
1.4178e-01 -2.0922e-10
1.4224e-01 -2.1036e-10
1.4246e-01 -2.1150e-10
1.4292e-01 -1.8829e-10
1.4314e-01 -1.9085e-10
1.4360e-01 -2.2493e-10
1.4382e-01 -2.4898e-10
1.4428e-01 -2.4582e-10
1.4450e-01 -2.4266e-10
1.4496e-01 -2.7386e-10
1.4519e-01 -3.0507e-10
1.4564e-01 -3.5633e-10
1.4587e-01 -4.1475e-10
1.4632e-01 -4.1589e-10
1.4655e-01 -4.0986e-10
1.4700e-01 -4.2532e-10
1.4723e-01 -4.7228e-10
1.4768e-01 -5.7079e-10
1.4791e-01 -6.8076e-10
1.4836e-01 -7.7355e-10
1.4859e-01 -7.9474e-10
1.4904e-01 -8.1736e-10
1.4927e-01 -8.2565e-10
1.4972e-01 -8.9839e-10
1.4995e-01 -9.8115e-10
1.5040e-01 -1.0424e-09
1.5063e-01 -1.0894e-09
1.5108e-01 -1.1478e-09
1.5131e-01 -1.2277e-09
1.5176e-01 -1.3205e-09
1.5199e-01 -1.3961e-09
1.5244e-01 -1.4416e-09
1.5267e-01 -1.4886e-09
1.5313e-01 -1.5656e-09
1.5335e-01 -1.6513e-09
1.5381e-01 -1.7813e-09
1.5403e-01 -1.9013e-09
1.5449e-01 -1.9941e-09
1.5471e-01 -2.0553e-09
1.5517e-01 -2.1166e-09
1.5539e-01 -2.2065e-09
1.5585e-01 -2.3724e-09
1.5607e-01 -2.5267e-09
1.5653e-01 -2.6711e-09
1.5675e-01 -2.7868e-09
1.5721e-01 -2.8495e-09
1.5744e-01 -2.9194e-09
1.5789e-01 -3.0250e-09
1.5812e-01 -3.1407e-09
1.5857e-01 -3.2407e-09
1.5880e-01 -3.3407e-09
1.5925e-01 -3.4091e-09
1.5948e-01 -3.4804e-09
1.5993e-01 -3.5789e-09
1.6016e-01 -3.6875e-09
1.6061e-01 -3.7946e-09
1.6084e-01 -3.8716e-09
1.6129e-01 -3.9186e-09
1.6152e-01 -3.9827e-09
1.6197e-01 -4.1199e-09
1.6220e-01 -4.2399e-09
1.6265e-01 -4.3069e-09
1.6288e-01 -4.3424e-09
1.6333e-01 -4.3765e-09
1.6356e-01 -4.3905e-09
1.6401e-01 -4.4332e-09
1.6424e-01 -4.4744e-09
1.6469e-01 -4.5085e-09
1.6492e-01 -4.5511e-09
1.6538e-01 -4.5938e-09
1.6560e-01 -4.6465e-09
1.6606e-01 -4.6763e-09
1.6628e-01 -4.6960e-09
1.6674e-01 -4.6785e-09
1.6696e-01 -4.6725e-09
1.6742e-01 -4.7266e-09
1.6764e-01 -4.7836e-09
1.6810e-01 -4.8163e-09
1.6832e-01 -4.8146e-09
1.6878e-01 -4.8057e-09
1.6900e-01 -4.7968e-09
1.6946e-01 -4.8036e-09
1.6969e-01 -4.8119e-09
1.7014e-01 -4.8446e-09
1.7037e-01 -4.8629e-09
1.7082e-01 -4.8912e-09
1.7105e-01 -4.9425e-09
1.7150e-01 -4.9494e-09
1.7173e-01 -4.9448e-09
1.7218e-01 -4.9488e-09
1.7241e-01 -4.9600e-09
1.7286e-01 -4.9281e-09
1.7309e-01 -4.9164e-09
1.7354e-01 -4.9376e-09
1.7377e-01 -4.9659e-09
1.7422e-01 -4.9671e-09
1.7445e-01 -4.9682e-09
1.7490e-01 -4.9106e-09
