#Intensity [ph/s/.1%bw/mm^2] (C-aligned, inner loop is vs Photon Energy, outer loop vs Vertical Position)
#0.1 #Initial Photon Energy [eV]
#10000.0 #Final Photon Energy [eV]
#500 #Number of points vs Photon Energy
#0.0 #Initial Horizontal Position [m]
#0.0 #Final Horizontal Position [m]
#1 #Number of points vs Horizontal Position
#0.0 #Initial Vertical Position [m]
#0.0 #Final Vertical Position [m]
#1 #Number of points vs Vertical Position
#1 #Number of components
 8366010880.0
 286891048960.0
 453473861632.0
 592160292864.0
 714987536384.0
 826909261824.0
 930810560512.0
 1027025666048.0
 1118553636864.0
 1205193408512.0
 1287952269312.0
 1365885059072.0
 1441866973184.0
 1514183852032.0
 1583679799296.0
 1650754060288.0
 1715203080192.0
 1778185928704.0
 1837520519168.0
 1896903475200.0
 1952470138880.0
 2007485644800.0
 2060521963520.0
 2111407783936.0
 2160369729536.0
 2208735952896.0
 2255820685312.0
 2301566124032.0
 2345913024512.0
 2388837007360.0
 2430370054144.0
 2470597361664.0
 2509638729728.0
 2547615531008.0
 2584615845888.0
 2620676898816.0
 2655774834688.0
 2689849622528.0
 2722830745600.0
 2754677047296.0
 2785597980672.0
 2815387238400.0
 2844222554112.0
 2872213766144.0
 2899461799936.0
 2926031929344.0
 2952792375296.0
 2978478292992.0
 3003234123776.0
 3026995118080.0
 3049742663680.0
 3071512150016.0
 3092386152448.0
 3112481587200.0
 3132034121728.0
 3150854750208.0
 3169346912256.0
 3187456081920.0
 3205180162048.0
 3222258581504.0
 3239015612416.0
 3255215325184.0
 3270785105920.0
 3285669117952.0
 3299834855424.0
 3313190043648.0
 3326142054400.0
 3338369761280.0
 3350074753024.0
 3361323876352.0
 3372164579328.0
 3382575890432.0
 3392696221696.0
 3402369073152.0
 3411611484160.0
 3420394618880.0
 3428701175808.0
 3436530368512.0
 3443899236352.0
 3450841333760.0
 3457399390208.0
 3463611940864.0
 3469509918720.0
 3475104595968.0
 3480387846144.0
 3485333979136.0
 3489904197632.0
 3494059704320.0
 3497771139072.0
 3501026443264.0
 3503838461952.0
 3506244419584.0
 3508299366400.0
 3510067789824.0
 3511613390848.0
 3512984141824.0
 3514204684288.0
 3515272921088.0
 3516158705664.0
 3516812754944.0
 3517174775808.0
 3517188669440.0
 3516814589952.0
 3516034449408.0
 3514860830720.0
 3513331220480.0
 3511503028224.0
 3509441527808.0
 3508301725696.0
 3505256923136.0
 3502909161472.0
 3500937052160.0
 3496621637632.0
 3495377240064.0
 3489915731968.0
 3489041219584.0
 3482464026624.0
 3481342312448.0
 3474894618624.0
 3472342908928.0
 3466938023936.0
 3462350241792.0
 3458375352320.0
 3451679670272.0
 3448937906176.0
 3440967155712.0
 3438405484544.0
 3429459296256.0
 3426696298496.0
 3418174521344.0
 3413903671296.0
 3406664040448.0
 3400277950464.0
 3394674360320.0
 3386154156032.0
 3381915025408.0
 3371848171520.0
 3368166359040.0
 3357558964224.0
 3353357320192.0
 3343311699968.0
 3337598533632.0
 3328955908096.0
 3321153716224.0
 3314223677440.0
 3304357363712.0
 3298823766016.0
 3287511990272.0
 3282545672192.0
 3270797426688.0
 3265333035008.0
 3254217605120.0
 3247306440704.0
 3237612879872.0
 3228725673984.0
 3220715864064.0
 3209910812672.0
 3203250520064.0
 3191140253696.0
 3185026269184.0
 3172568137728.0
 3165999071232.0
 3154185551872.0
 3146292133888.0
 3135832850432.0
 3126150037504.0
 3117260996608.0
 3105863237632.0
 3098219642880.0
 3085678936064.0
 3078541803520.0
 3065724796928.0
 3058198380544.0
 3045985353728.0
 3037303930880.0
 3026310660096.0
 3016078393344.0
 3006479990784.0
 2994775785472.0
 2986277339136.0
 2973603463168.0
 2965564555264.0
 2952668119040.0
 2944321454080.0
 2931947732992.0
 2922650533888.0
 2911438110720.0
 2900739227648.0
 2890578788352.0
 2878797250560.0
 2869568471040.0
 2856993947648.0
 2848171229184.0
 2835412156416.0
 2826375266304.0
 2814117412864.0
 2804142047232.0
 2792900001792.0
 2781825990656.0
 2771581927424.0
 2759568392192.0
 2749890297856.0
 2737588666368.0
 2728101150720.0
 2715644592128.0
 2706037538816.0
 2693982060544.0
 2683622653952.0
 2672377200640.0
 2661218516992.0
 2650707853312.0
 2638899838976.0
 2628747526144.0
 2616836227072.0
 2606804500480.0
 2594773401600.0
 2584637341696.0
 2572857638912.0
 2562346713088.0
 2551192748032.0
 2540070764544.0
 2529390493696.0
 2517895741440.0
 2507500945408.0
 2495939084288.0
 2485482160128.0
 2473969319936.0
 2463470190592.0
 2452112539648.0
 2441427812352.0
 2430332043264.0
 2419452542976.0
 2408587984896.0
 2397584490496.0
 2386852052992.0
 2375832043520.0
 2365122150400.0
 2354174754816.0
 2343419248640.0
 2332579332096.0
 2321784242176.0
 2311016939520.0
 2300242296832.0
 2289481547776.0
 2278808354816.0
 2267978924032.0
 2257459871744.0
 2246585352192.0
 2236163817472.0
 2225299783680.0
 2214895812608.0
 2203974631424.0
 2193654284288.0
 2183151616000.0
 2172464791552.0
 2162249302016.0
 2151455522816.0
 2141404135424.0
 2130442584064.0
 2120574042112.0
 2109697556480.0
 2099744866304.0
 2089144942592.0
 2078937710592.0
 2068750270464.0
 2058206576640.0
 2048109314048.0
 2037623291904.0
 2028187549696.0
 2017250508800.0
 2007907827712.0
 1997119815680.0
 1987609231360.0
 1977217843200.0
 1967331082240.0
 1957487968256.0
 1947150450688.0
 1937848139776.0
 1927154106368.0
 1918220238848.0
 1907411910656.0
 1898557472768.0
 1887949291520.0
 1878862594048.0
 1868739772416.0
 1859191570432.0
 1849710215168.0
 1839635759104.0
 1830763888640.0
 1820291497984.0
 1811816382464.0
 1801230745600.0
 1792821035008.0
 1782473949184.0
 1773789773824.0
 1763983228928.0
 1754787741696.0
 1745674829824.0
 1735914422272.0
 1727445598208.0
 1717272051712.0
 1709207715840.0
 1698929311744.0
 1690918846464.0
 1680901406720.0
 1672596160512.0
 1663143641088.0
 1654310567936.0
 1645567279104.0
 1636164698112.0
 1628066807808.0
 1618258952192.0
 1610557947904.0
 1600657817600.0
 1593002557440.0
 1583371517952.0
 1575421083648.0
 1566351556608.0
 1557887320064.0
 1549508149248.0
 1540499963904.0
 1532741287936.0
 1523354304512.0
 1515971411968.0
 1506508406784.0
 1499166146560.0
 1489967251456.0
 1482348953600.0
 1473682079744.0
 1465589694464.0
 1457567694848.0
 1448981299200.0
 1441531691008.0
 1432608833536.0
 1425503944704.0
 1416522498048.0
 1409457061888.0
 1400723472384.0
 1393415684096.0
 1385164832768.0
 1377444167680.0
 1369770557440.0
 1361624170496.0
 1354458202112.0
 1346029092864.0
 1339168915456.0
 1330700615680.0
 1323881594880.0
 1315635593216.0
 1308619177984.0
 1300792475648.0
 1293438550016.0
 1286425280512.0
 1278726766592.0
 1270991421440.0
 1263479685120.0
 1256306245632.0
 1249369653248.0
 1242431488000.0
 1235289636864.0
 1227916836864.0
 1220473389056.0
 1213182246912.0
 1206170025984.0
 1199387705344.0
 1192652046336.0
 1185780858880.0
 1178718437376.0
 1171570294784.0
 1164516655104.0
 1157683216384.0
 1151058051072.0
 1144510349312.0
 1137885052928.0
 1131114266624.0
 1124258283520.0
 1117455646720.0
 1110817505280.0
 1104356442112.0
 1097985884160.0
 1091585114112.0
 1085085188096.0
 1078514483200.0
 1071969599488.0
 1065541632000.0
 1059253977088.0
 1053055254528.0
 1046860070912.0
 1040609705984.0
 1034312089600.0
 1028028366848.0
 1021822763008.0
 1015718871040.0
 1009690869760.0
 1003685937152.0
 997664555008.0
 991625347072.0
 985600688128.0
 979626557440.0
 973717045248.0
 967860944896.0
 962035777536.0
 956224241664.0
 950426468352.0
 944654712832.0
 938917494784.0
 933212258304.0
 927532908544.0
 921879707648.0
 916261044224.0
 910686879744.0
 905155837952.0
 899659399168.0
 894167023616.0
 888670322688.0
 883190464512.0
 877745405952.0
 872376958976.0
 867072802816.0
 861810393088.0
 856543199232.0
 851236159488.0
 845927088128.0
 840646066176.0
 835466166272.0
 830374084608.0
 825343016960.0
 820302118912.0
 815191752704.0
 810056286208.0
 804929994752.0
 799923240960.0
 795027177472.0
 790217490432.0
 785405378560.0
 780497649664.0
 775540834304.0
 770562916352.0
 765715480576.0
 760999510016.0
 756398424064.0
 751806251008.0
 747114397696.0
 742340689920.0
 737528643584.0
 732809265152.0
 728258838528.0
 723851673600.0
 719476490240.0
 715002281984.0
 710416465920.0
 705759608832.0
 701170712576.0
 696794546176.0
 692542439424.0
 688375332864.0
 684122112000.0
 679727792128.0
 675230384128.0
 670764630016.0
 666528579584.0
 662438346752.0
 658466799616.0
 654433255424.0
 650234626048.0
 645902630912.0
 641555628032.0
 637447897088.0
 633505841152.0
 629715369984.0
 625890557952.0
 621862453248.0
 617736765440.0
 613549539328.0
 609518157824.0
 605712285696.0
 602087292928.0
 598462365696.0
 594645876736.0
 590693990400.0
 586642358272.0
 582711902208.0
 579025502208.0
 575548817408.0
 572112633856.0
 568511299584.0
 564734328832.0
 560823861248.0
 556998524928.0
 553412919296.0
 550067765248.0
 546806988800.0
 543426347008.0
 539819638784.0
 536057217024.0
 532290830336.0
 528880435200.0
 525612089344.0
 522511581184.0
 519325417472.0
