#Intensity [ph/s/.1%bw/mm^2] (C-aligned, inner loop is vs Photon Energy, outer loop vs Vertical Position)
#0.123984 #Initial Photon Energy [eV]
#0.123984 #Final Photon Energy [eV]
#1 #Number of points vs Photon Energy
#-0.007922986998175181 #Initial Horizontal Position [m]
#0.0015488546011470285 #Final Horizontal Position [m]
#160 #Number of points vs Horizontal Position
#-0.005011933174224345 #Initial Vertical Position [m]
#0.00477326968973747 #Final Vertical Position [m]
#42 #Number of points vs Vertical Position
#1 #Number of components
 1501309.125
 1165068.25
 1664850.5
 731356.6875
 1725033.75
 1743350.375
 1422809.375
 1915395.75
 1995858.125
 1762975.25
 2038378.875
 2424990.5
 2567598.5
 2288270.0
 2786743.75
 2735719.0
 2752727.25
 2543394.5
 2199303.5
 2375928.0
 2360228.0
 2235936.75
 2093328.75
 2460969.5
 2549936.0
 2470128.0
 2802443.75
 3214568.0
 3085043.25
 3583517.0
 2946360.25
 4078066.0
 2921502.0
 3515484.0
 3299609.5
 4793722.5
 3843874.75
 4466640.0
 5123422.0
 4995205.5
 5246405.0
 4932406.0
 5337988.0
 5748804.0
 5628437.5
 5816837.0
 6300919.5
 6465769.0
 6881818.0
 6567819.0
 6792851.5
 8090715.5
 8933280.0
 8692547.0
 9346713.0
 10058444.0
 10037511.0
 10330577.0
 11031842.0
 11529008.0
 11727874.0
 12350639.0
 12559972.0
 13533370.0
 14799834.0
 16411697.0
 15553432.0
 16537297.0
 18107294.0
 19049292.0
 19970356.0
 21310086.0
 21833418.0
 22335818.0
 23256882.0
 24282614.0
 25789810.0
 26710874.0
 27715672.0
 28343670.0
 29767134.0
 31106864.0
 31776730.0
 32697794.0
 33535126.0
 33911924.0
 34330592.0
 35586588.0
 36340188.0
 35419120.0
 34749256.0
 34163124.0
 34079392.0
 34498056.0
 35251656.0
 34330592.0
 31818596.0
 27297006.0
 23277816.0
 19426090.0
 17918894.0
 17416494.0
 17081562.0
 17081562.0
 15909298.0
 13732236.0
 12727439.0
 12392506.0
 12727439.0
 13564770.0
 15071967.0
 15741832.0
 14904500.0
 11890107.0
 10885309.0
 7201051.0
 4186657.5
 2177061.75
 1004797.75
 1172264.125
 1004797.75
 2344528.25
 1674663.0
 4019191.0
 2009595.5
 2679460.75
 2679460.75
 1339730.375
 1339730.375
 2679460.75
 2009595.5
 2679460.75
 2344528.25
 2009595.5
 1507196.625
 1004797.75
 1674663.0
 837331.5
 1381597.0
 1193197.375
 1569996.5
 1392063.625
 1423463.5
 1470563.375
 1928479.125
 1614479.75
 1411688.5
 1471871.75
 1532055.0
 1210205.625
 956389.5625
 1415613.5
 1046664.375
 941343.75
 736590.0625
 1050589.375
 1933058.25
 139337.1875
 1621021.375
 993022.8125
 2590494.25
 2333407.25
 2973835.0
 2123420.25
 3129526.5
 3166159.75
 3000655.75
 3429134.0
 3595292.0
 3520717.25
 3929570.5
 4339732.0
 4641956.5
 4414307.0
 5058005.5
 5041651.5
 5238555.0
 5283038.5
 5103797.0
 5521154.5
 5710862.5
 5612737.5
 5555171.0
 5979070.0
 6133453.0
 6091586.5
 6535110.5
 7068909.5
 6943309.5
 7579158.5
 7170959.5
 8519848.0
 7657658.0
 8476673.0
 8530314.0
 10326652.0
 9731362.0
 10584393.0
 11573491.0
 11879640.0
 12588756.0
 12716972.0
 13473187.0
 14297435.0
 14640218.0
 15351949.0
 16223298.0
 16812046.0
 17777594.0
 17958144.0
 18730058.0
 20530322.0
 21880518.0
 22220684.0
 23434814.0
 24764078.0
 25559544.0
 26716108.0
 28197138.0
 29599668.0
 30860898.0
 32320996.0
 33503726.0
 35419120.0
 37533384.0
 40150044.0
 40307044.0
 42368972.0
 45111232.0
 47413896.0
 49695624.0
 52270416.0
 53986948.0
 55766276.0
 57964276.0
 60371600.0
 63092932.0
 65060660.0
 66567852.0
 67907584.0
 69749712.0
 71759312.0
 72973440.0
 74145704.0
 74941168.0
 74815568.0
 74522504.0
 75276104.0
 75694768.0
 74187568.0
 72596640.0
 70503312.0
 68493712.0
 67405184.0
 66149188.0
 63302260.0
 59115604.0
 51579620.0
 45048432.0
 38852180.0
 34832988.0
 32153528.0
 30981264.0
 29641534.0
 27799406.0
 24282614.0
 21938084.0
 21770618.0
 21435686.0
 22607950.0
 25622344.0
 26459674.0
 25957276.0
 22440484.0
 19593556.0
 15406899.0
 11052776.0
 7201050.5
 5526387.5
 4689056.5
 4940256.0
 4228524.0
 4563456.5
 4856522.5
 5735720.5
 6614918.5
 5651987.5
 3914524.75
 3244659.5
 5735720.5
 4961189.0
 5777587.0
 4908856.0
 4207590.5
 3757525.25
 4505890.0
 4354123.5
 3642392.0
 4017882.75
 3662017.0
 3803316.5
 3473617.25
 3571742.0
 3536417.25
 3940691.25
 3580900.5
 3383342.5
 3302226.0
 3323813.5
 3056260.0
 2672919.0
 3058876.5
 2647406.75
 2378544.75
 1983429.125
 2195378.5
 3103359.75
 1157218.25
 2595073.5
 1906237.5
 6369607.0
 6583519.0
 7538600.0
 7085263.0
 8084174.0
 8300703.0
 8395556.0
 8829922.0
 9188405.0
 9270830.0
 9688841.0
 10061061.0
 10648501.0
 10739430.0
 11611433.0
 11788711.0
 12255131.0
 12706505.0
 12765380.0
 13584395.0
 14137819.0
 14243794.0
 14466210.0
 15283916.0
 15979948.0
 16346281.0
 17039696.0
 17931978.0
 18151776.0
 19113400.0
 19521598.0
 21400362.0
 21036646.0
 22313576.0
 22857842.0
 25365910.0
 25520294.0
 26726574.0
 28076772.0
 29183618.0
 30936782.0
 32187546.0
 33880524.0
 35675556.0
 36973420.0
 38776296.0
 40872244.0
 42999588.0
 45357200.0
 46793748.0
 48730076.0
 52040152.0
 55258644.0
 57508972.0
 60518136.0
 63302264.0
 65945088.0
 69383384.0
 73580504.0
 77751464.0
 81603184.0
 84952512.0
 88736208.0
 93707856.0
 99454048.0
 105357232.0
 108486760.0
 113008352.0
 118503336.0
 124647256.0
 131450576.0
 137929424.0
 142367280.0
 146323680.0
 150887136.0
 157313648.0
 164640304.0
 170627216.0
 174039344.0
 175714016.0
 178184144.0
 182538256.0
 187729712.0
 192041968.0
 193130512.0
 190534784.0
 186976128.0
 185971328.0
 186892384.0
 186641184.0
 183961728.0
 177095616.0
 167550032.0
 159176720.0
 153482864.0
 149045008.0
 143183680.0
 132465840.0
 118901072.0
 103829104.0
 92106464.0
 84068080.0
 79044096.0
 75527296.0
 70000912.0
 61795060.0
 53086816.0
 46388164.0
 41531640.0
 39689512.0
 40861776.0
 42871372.0
 43206304.0
 40694312.0
 38517248.0
 31818596.0
 25119944.0
 19593556.0
 16076764.0
 14234634.0
 13648503.0
 14402102.0
 14737035.0
 15239432.0
 14653301.0
 14988234.0
 13983436.0
 13062371.0
 11303975.0
 13104238.0
 11931974.0
 11638908.0
 11136509.0
 10320111.0
 9545579.0
 9283913.0
 9346713.0
 8341915.0
 8634981.0
 8132582.0
 8046232.0
 7567383.5
 7533366.5
 7237684.0
 7269084.0
 6603144.0
 6336244.5
 5973837.0
 6006545.0
 5747495.5
 5219584.5
 5563675.0
 5167905.5
 4817272.5
 4396644.5
 4518319.0
 5644791.5
 3925645.5
 5430225.5
 5142393.0
 17523124.0
 18356530.0
 19734200.0
 19808122.0
 20879646.0
 21542314.0
 22038172.0
 22710000.0
 23518548.0
 24100756.0
 24944628.0
 25653090.0
 26771712.0
 27376160.0
 28576554.0
 29260156.0
 30395788.0
 31594874.0
 32133904.0
 33576992.0
 34785888.0
 35650696.0
 36718292.0
 38415200.0
 40105560.0
 41347168.0
 42934172.0
 45006568.0
 46411716.0
 48346736.0
 50188864.0
 53133916.0
 54112548.0
 56818176.0
 58836932.0
 62942472.0
 64729648.0
 67363320.0
 70364624.0
 73685168.0
 77589232.0
 80899304.0
 84505064.0
 88783304.0
 92949032.0
 97742752.0
 102706560.0
 107937264.0
 113455800.0
 118500728.0
 124362048.0
 132023624.0
 139687824.0
 146344608.0
 154100400.0
 162075968.0
 170710960.0
 180335040.0
 190785984.0
 201153184.0
 211682640.0
 222128336.0
 234327216.0
 247682656.0
 261655616.0
 275502976.0
 287675712.0
 301983584.0
 317892896.0
 334796512.0
 352192096.0
 368582848.0
 383414080.0
 398632576.0
 414981472.0
 433235328.0
 451677568.0
 468005536.0
 480816704.0
 492267168.0
 504366624.0
 517847648.0
 530951936.0
 541460416.0
 546819328.0
 547154240.0
 544977216.0
 544056128.0
 543176960.0
 539157760.0
 530365760.0
 515628736.0
 495616512.0
 474432000.0
 453331232.0
 431895552.0
 409287616.0
 381655680.0
 349837088.0
 316343840.0
 283855360.0
 254548768.0
 230601088.0
 209667808.0
 189906784.0
 168973488.0
 148375136.0
 130288768.0
 114212016.0
 103829104.0
 98805112.0
 96460584.0
 93613656.0
 87752336.0
 79713960.0
 70000912.0
 58948136.0
 49235092.0
 42536440.0
 39019648.0
 36675120.0
 36507652.0
 36675120.0
 36340188.0
 37010052.0
 36005252.0
 35670320.0
 32488462.0
 29809000.0
 30813798.0
 30646332.0
 29474068.0
 28050604.0
 26292208.0
 25454878.0
 25078078.0
 24345412.0
 22859150.0
 22921950.0
 21990418.0
 21540352.0
 20650688.0
 20357622.0
 19808122.0
 19512440.0
 18533810.0
 18052344.0
 17191462.0
 17023996.0
 16505243.0
 15698003.0
 15795473.0
 15170091.0
 14666384.0
 14255568.0
 14116885.0
 15363069.0
 13979512.0
 15380080.0
 15607728.0
 40523572.0
 43036876.0
 46002860.0
 47615380.0
 49417604.0
 50903868.0
 52041460.0
 53545384.0
 55485640.0
 57254504.0
 59066540.0
 60467764.0
 62585296.0
 64588348.0
 67202392.0
 69326464.0
 71708280.0
 74103840.0
 75921760.0
 79155304.0
 82206328.0
 84787008.0
 87359184.0
 90634592.0
 94542576.0
 98249072.0
 102180608.0
 106367264.0
 109681264.0
 113852224.0
 118949480.0
 125113024.0
 129289224.0
 134669072.0
 139441856.0
 147040640.0
 153223808.0
 160314960.0
 167457136.0
 174904160.0
 183265696.0
 192125712.0
 201964352.0
 212760704.0
 222816528.0
 233128784.0
 244362112.0
 257796048.0
 272417952.0
 286490336.0
 300447616.0
 316485120.0
 334239168.0
 353045120.0
 373826656.0
 394121472.0
 414280224.0
 436213056.0
 461798784.0
 490304672.0
 519595616.0
 547421184.0
 576387584.0
 607677632.0
 643510208.0
 682592640.0
 720952896.0
 758580480.0
 795862656.0
 836703488.0
 883771968.0
 934001408.0
 982200320.0
 1025626432.0
 1066237056.0
 1111201664.0
 1163346560.0
 1218945280.0
 1269143296.0
 1308560768.0
 1340169984.0
 1372679424.0
 1412243328.0
 1456286976.0
 1492334080.0
 1510169216.0
 1509331840.0
 1501837696.0
 1499241984.0
 1502675072.0
 1503093760.0
 1484672512.0
 1439707776.0
 1375903104.0
 1309502720.0
 1251894272.0
 1201068288.0
 1145469440.0
 1074463744.0
 984869248.0
 886566592.0
 792952832.0
 713238976.0
 646922304.0
 586634432.0
 524504416.0
 460867264.0
 398569792.0
 340961376.0
 292396160.0
 254213840.0
 225409632.0
 203973952.0
 185217728.0
 170145760.0
 154738864.0
 138327168.0
 121245600.0
 108518160.0
 99809912.0
 94785928.0
 92776328.0
 92106464.0
 90096864.0
 90096864.0
 89761936.0
 88757136.0
 85072880.0
 80718752.0
 80048888.0
 76699560.0
 74020104.0
 71340640.0
 67823848.0
 65311852.0
 63218524.0
 61208932.0
 58906268.0
 57775868.0
 55577872.0
 53840416.0
 51998284.0
 50920220.0
 49664224.0
 48402992.0
 46435264.0
 45141324.0
 43652444.0
 43158552.0
 42024228.0
 40435916.0
 39639140.0
 38294832.0
 37412364.0
 36714368.0
 35634996.0
 36245988.0
 34880088.0
 36013756.0
 37168360.0
 95941176.0
 101188240.0
 106203720.0
 109577912.0
 112614544.0
 115984152.0
 119413280.0
 123336312.0
 127268496.0
 130756504.0
 134504224.0
 138229040.0
 143213120.0
 148118048.0
 153117184.0
 157634848.0
 162844624.0
 168853120.0
 174478288.0
 181277040.0
 187344416.0
 193016688.0
 199545904.0
 207499248.0
 216392624.0
 224543520.0
 232347712.0
 240909424.0
 249701408.0
 260274032.0
 271788640.0
 283489056.0
 293369568.0
 305470304.0
 318676576.0
 335376128.0
 350389216.0
 365373504.0
 380749024.0
 398329056.0
 418780864.0
 440368320.0
 462072224.0
 484338688.0
 507221408.0
 533000736.0
 561750016.0
 593074048.0
 624395456.0
 655272064.0
 688582144.0
 728177472.0
 772132160.0
 817002624.0
 862155776.0
 907874048.0
 957870656.0
 1015191168.0
 1078922496.0
 1144789120.0
 1209787008.0
 1275627392.0
 1349945856.0
 1434008704.0
 1525335424.0
 1617792512.0
 1707601536.0
 1799655680.0
 1901255296.0
 2016482560.0
 2140805504.0
 2263589632.0
 2379947264.0
 2494588416.0
 2618094848.0
 2757458176.0
 2905896192.0
 3048849408.0
 3176144896.0
 3291654656.0
 3409132288.0
 3538562816.0
 3674817536.0
 3800354560.0
 3897485056.0
 3964178688.0
 4013120512.0
 4060555264.0
 4108032000.0
 4141064704.0
 4141483264.0
 4098988800.0
 4018018816.0
 3913770752.0
 3796712192.0
 3667260672.0
 3515536128.0
 3336849664.0
 3131452160.0
 2907884800.0
 2672929536.0
 2431778048.0
 2189789184.0
 1951652096.0
 1724902784.0
 1514565248.0
 1323988480.0
 1148818816.0
 985036736.0
 834652032.0
 703693376.0
 595510144.0
 511776992.0
 446465152.0
 393210880.0
 346990176.0
 306128384.0
 271295392.0
 246510384.0
 230768560.0
 221390448.0
 218041120.0
 217036320.0
 219045920.0
 221725376.0
 219045920.0
 217706192.0
 208328080.0
 202299280.0
 194260912.0
 189571856.0
 179523872.0
 172825216.0
 164451904.0
 157753248.0
 152729264.0
 147035408.0
 141425280.0
 136945568.0
 132089040.0
 128614112.0
 125055448.0
 121758456.0
 118199808.0
 114740576.0
 111168840.0
 108503768.0
 105511616.0
 103127840.0
 99892992.0
 96666648.0
 94493512.0
 91991984.0
 89841088.0
 87689536.0
 85010736.0
 84872048.0
 84332360.0
 86457744.0
 89925480.0
 207401120.0
 217119376.0
 226621136.0
 235275104.0
 243650384.0
 251908240.0
 259110912.0
 265925360.0
 273131648.0
 281492544.0
 291229792.0
 300301728.0
 309337728.0
 318027008.0
 327870240.0
 339168960.0
 351474464.0
 363607264.0
 374151776.0
 386374176.0
 399969696.0
 415010272.0
 430856096.0
 446321216.0
 461898208.0
 478349824.0
 497163616.0
 518319296.0
 538937920.0
 559561152.0
 580884352.0
 605079296.0
 630975040.0
 659811968.0
 687986880.0
 717623168.0
 747565632.0
 781856960.0
 820103360.0
 860352896.0
 900962112.0
 941871040.0
 986728448.0
 1038455872.0
 1094555776.0
 1152105344.0
 1209350016.0
 1270401920.0
 1338560768.0
 1414744832.0
 1496287872.0
 1580981248.0
 1667009280.0
 1758793856.0
 1862138880.0
 1977088768.0
 2098211456.0
 2221356800.0
 2348803840.0
 2488135680.0
 2644695808.0
 2815045632.0
 2993747968.0
 3173852672.0
 3360755456.0
 3566231552.0
 3795272960.0
 4041908992.0
 4293815040.0
 4545788928.0
 4807004672.0
 5092168704.0
 5407507456.0
 5739624960.0
 6068026368.0
 6386118144.0
 6707642880.0
 7055041024.0
 7434561536.0
 7823522816.0
 8187616256.0
 8511077376.0
 8812893184.0
 9128524800.0
 9469926400.0
 9807873024.0
 10086411264.0
 10270414848.0
 10374872064.0
 10451613696.0
 10540747776.0
 10626322432.0
 10639803392.0
 10515627008.0
 10241401856.0
 9872723968.0
 9483951104.0
 9116362752.0
 8740401152.0
 8290586624.0
 7719860736.0
 7040785408.0
 6318670848.0
 5626197504.0
 5000543744.0
 4432162816.0
 3892251648.0
 3361383168.0
 2845252352.0
 2368978176.0
 1950982400.0
 1598968192.0
 1306572032.0
 1067765120.0
 878863104.0
 735512000.0
 631347968.0
 559002496.0
 511442080.0
 484312544.0
 472924832.0
 475604288.0
 484312544.0
 493020768.0
 499719424.0
 498379712.0
 495700224.0
 487661824.0
 476944000.0
 456848064.0
 432732896.0
 412636960.0
 392540992.0
 375124512.0
 359047744.0
 343640832.0
 329406208.0
 317348640.0
 308472928.0
 299555328.0
 291098304.0
 281699232.0
 272928192.0
 265706208.0
 259274464.0
 252193760.0
 244717968.0
 236733232.0
 230338112.0
 224377360.0
 218849664.0
 213257216.0
 206779664.0
 200975904.0
 196424224.0
 192430544.0
 191060080.0
 190139008.0
 192355968.0
 197968064.0
 419642400.0
 440426560.0
 462401920.0
 482795200.0
 499644864.0
 513316896.0
 526119904.0
 541002496.0
 558625024.0
 577162752.0
 594532800.0
 609633600.0
 626449536.0
 647129024.0
 670892864.0
 694646272.0
 715798080.0
 736186432.0
 758671360.0
 787187072.0
 818116032.0
 847632000.0
 875047360.0
 903515968.0
 937384064.0
 976418112.0
 1016701632.0
 1054652992.0
 1090697472.0
 1131329024.0
 1179815808.0
 1234842880.0
 1288819328.0
 1340452608.0
 1392160384.0
 1452531968.0
 1522281728.0
 1597964672.0
 1671954688.0
 1743779456.0
 1821553152.0
 1912267520.0
 2016392320.0
 2125696896.0
 2231273728.0
 2336243712.0
 2452017920.0
 2589424128.0
 2743480064.0
 2900801536.0
 3054540800.0
 3214999552.0
 3397527552.0
 3609615616.0
 3840261120.0
 4072285696.0
 4301243392.0
 4545268224.0
 4828178944.0
 5154772480.0
 5504457728.0
 5850686464.0
 6197080064.0
 6570927616.0
 7004225536.0
 7497361408.0
 8014445056.0
 8521858048.0
 9027537920.0
 9578485760.0
 10216741888.0
 10932702208.0
 11670087680.0
 12376754176.0
 13063041024.0
 13798929408.0
 14645859328.0
 15590327296.0
 16545502208.0
 17424596992.0
 18225504256.0
 19036186624.0
 19951411200.0
 20970213376.0
 21976999936.0
 22832857088.0
 23491000320.0
 24036186112.0
 24601051136.0
 25232900096.0
 25834104832.0
 26227064832.0
 26295642112.0
 26073245696.0
 25695442944.0
 25280460800.0
 24817248256.0
 24189501440.0
 23272957952.0
 22048612352.0
 20609073152.0
 19083286528.0
 17541425152.0
 15969082368.0
 14323893248.0
 12606862336.0
 10888658944.0
 9269259264.0
 7812302336.0
 6526161408.0
 5377007616.0
 4341061120.0
 3427365120.0
 2661374464.0
 2061844992.0
 1621073792.0
 1311596032.0
 1104607744.0
 981352512.0
 927428352.0
 927093440.0
 955227776.0
 999438848.0
 1043650048.0
 1083841920.0
 1110636544.0
 1120014592.0
 1102598144.0
 1063745920.0
 1014175872.0
 961926400.0
 911016640.0
 862116480.0
 814556096.0
 768335360.0
 730153024.0
 701348864.0
 679243328.0
 659482304.0
 637711680.0
 617364480.0
 599822400.0
 585441216.0
 571949760.0
 555768320.0
 537263296.0
 519914816.0
 505434208.0
 493962784.0
 481409344.0
 467066784.0
 452204128.0
 439165984.0
 429261248.0
 420756448.0
 410834720.0
 401465792.0
 394455072.0
 394510048.0
 403066528.0
 853054976.0
 883295744.0
 910885824.0
 933951680.0
 955432512.0
 980554432.0
 1011841152.0
 1045728256.0
 1077071232.0
 1104863744.0
 1133475328.0
 1167049728.0
 1207001600.0
 1248781824.0
 1287086464.0
 1323548928.0
 1363245056.0
 1410903552.0
 1463556608.0
 1515884032.0
 1563458816.0
 1611178880.0
 1666833280.0
 1733117184.0
 1804339456.0
 1872110336.0
 1935877632.0
 2003328000.0
 2082788864.0
 2174144256.0
 2267613952.0
 2357219584.0
 2445719040.0
 2545809664.0
 2663596032.0
 2793370624.0
 2921790976.0
 3045183488.0
 3172788992.0
 3320113408.0
 3492365824.0
 3676512000.0
 3858966528.0
 4040393984.0
 4236503552.0
 4463677952.0
 4718636544.0
 4984935424.0
 5248036352.0
 5517540864.0
 5819799040.0
 6172465152.0
 6562640384.0
 6963055104.0
 7361491456.0
 7780759040.0
 8256368640.0
 8802190336.0
 9394288640.0
 9998177280.0
 10610850816.0
 11269319680.0
 12023875584.0
 12876698624.0
 13784616960.0
 14701766656.0
 15634658304.0
 16647923712.0
 17804886016.0
 19099510784.0
 20458635264.0
 21816881152.0
 23194249216.0
 24684500992.0
 26366427136.0
 28215746560.0
 30115432448.0
 31969075200.0
 33805240320.0
 35756085248.0
 37924626432.0
 40261136384.0
 42581716992.0
 44724219904.0
 46699315200.0
 48682033152.0
 50824515584.0
 53072957440.0
 55162101760.0
 56817672192.0
 57986629632.0
 58871312384.0
 59725516800.0
 60580933632.0
 61152743424.0
 61045067776.0
 60059525120.0
 58366693376.0
 56354754560.0
 54310993920.0
 52183838720.0
 49643204608.0
 46367064064.0
 42330120192.0
 37846544384.0
 33363976192.0
 29195739136.0
 25384876032.0
 21795737600.0
 18305572864.0
 14926941184.0
 11802019840.0
 9090405376.0
 6870472192.0
 5128822784.0
 3800814848.0
 2830515456.0
 2178401536.0
 1802942208.0
 1652557440.0
 1663610240.0
 1779161984.0
 1949977600.0
 2130171392.0
 2286919680.0
 2379361024.0
 2406155776.0
 2371322880.0
 2298977280.0
 2198497536.0
 2075242368.0
 1934570624.0
 1789879808.0
 1653227264.0
 1546718720.0
 1467004800.0
 1405042176.0
 1350783104.0
 1303390208.0
 1265207936.0
 1237785216.0
 1213272448.0
 1183693696.0
 1148065152.0
 1110777728.0
 1078210816.0
 1051028928.0
 1023892864.0
 993581440.0
 960302784.0
 930222272.0
 906270016.0
 886152512.0
 865007936.0
 841133504.0
 817203456.0
 801103808.0
 796918464.0
 805840640.0
 825590528.0
 1568775808.0
 1600883584.0
 1634737280.0
 1674297984.0
 1725110272.0
 1783706368.0
 1839798784.0
 1886585728.0
 1930242048.0
 1983717504.0
 2051844864.0
 2124677632.0
 2189690624.0
 2245613824.0
 2303825920.0
 2378831872.0
 2469054464.0
 2560404736.0
 2640569856.0
 2714731264.0
 2799169792.0
 2905510912.0
 3024715520.0
 3138513920.0
 3239712768.0
 3341563648.0
 3465840640.0
 3616578560.0
 3776287744.0
 3923682304.0
 4059080192.0
 4207350528.0
 4389903872.0
 4602209280.0
 4817118208.0
 5014971904.0
 5210045440.0
 5436483072.0
 5710324736.0
 6011736576.0
 6306283520.0
 6583188992.0
 6875773440.0
 7226611712.0
 7640573952.0
 8078856704.0
 8499408896.0
 8911677440.0
 9369276416.0
 9918685184.0
 10546436096.0
 11192628224.0
 11818025984.0
 12458647552.0
 13195352064.0
 14072625152.0
 15044130816.0
 16022313984.0
 16978933760.0
 17994954752.0
 19187937280.0
 20587595776.0
 22103662592.0
 23611832320.0
 25108002816.0
 26735099904.0
 28652656640.0
 30868445184.0
 33216792576.0
 35527487488.0
 37828050944.0
 40354594816.0
 43333902336.0
 46736367616.0
 50276282368.0
 53687611392.0
 57019740160.0
 60639084544.0
 64889483264.0
 69715697664.0
 74651893760.0
 79231172608.0
 83450380288.0
 87817084928.0
 92881477632.0
 98655354880.0
 104477908992.0
 109523001344.0
 113513930752.0
 116982366208.0
 120782217216.0
 125246455808.0
 129759502336.0
 133142331392.0
 134562103296.0
 134186975232.0
 132984733696.0
 131858694144.0
 130835890176.0
 129023066112.0
 125317373952.0
 119287078912.0
 111469920256.0
 102919593984.0
 94426374144.0
 86072983552.0
 77423017984.0
 68095143936.0
 58209943552.0
 48370630656.0
 39275536384.0
 31339642880.0
 24593430528.0
 18858045440.0
 13995158528.0
 9998742528.0
 6930425344.0
 4805613056.0
 3538227968.0
 2971856896.0
 2927310848.0
 3229085184.0
 3707033856.0
 4216131584.0
 4646854656.0
 4947624448.0
 5109061632.0
 5127818240.0
 4998534144.0
 4722549760.0
 4334697472.0
 3907993600.0
 3519806720.0
 3201620736.0
 2953770496.0
 2756830208.0
 2599746816.0
 2487711744.0
 2421395200.0
 2383757056.0
 2348275200.0
 2295858176.0
 2230923264.0
 2169159424.0
 2117344384.0
 2067575552.0
 2007078272.0
 1934756480.0
 1864434944.0
 1807968384.0
 1765659264.0
 1725117440.0
 1676383360.0
 1622592128.0
 1576477952.0
 1544981248.0
 1528817536.0
 1522926720.0
 1526707840.0
 1542282880.0
 2559539200.0
 2628046080.0
 2726907648.0
 2840953856.0
 2950019840.0
 3036764416.0
 3103839744.0
 3173759744.0
 3267885568.0
 3384077824.0
 3498755584.0
 3593453568.0
 3677952256.0
 3780209408.0
 3913430528.0
 4062600192.0
 4197417216.0
 4309679104.0
 4423845376.0
 4571883520.0
 4756659200.0
 4948937728.0
 5116746240.0
 5265199104.0
 5431943168.0
 5645213184.0
 5893544448.0
 6134695936.0
 6346956800.0
 6555088896.0
 6807922176.0
 7123308544.0
 7465254912.0
 7782589952.0
 8069564928.0
 8374195200.0
 8754275328.0
 9208599552.0
 9677359104.0
 10109862912.0
 10527692800.0
 11006019584.0
 11596581888.0
 12264626176.0
 12924030976.0
 13538072576.0
 14169735168.0
 14926946304.0
 15843426304.0
 16839773184.0
 17808156672.0
 18741184512.0
 19757629440.0
 20986791936.0
 22424920064.0
 23935041536.0
 25397288960.0
 26863763456.0
 28530489344.0
 30546561024.0
 32844865536.0
 35203276800.0
 37497872384.0
 39868477440.0
 42620116992.0
 45912772608.0
 49580625920.0
 53293694976.0
 56929251328.0
 60764246016.0
 65248866304.0
 70550798336.0
 76348194816.0
 82130190336.0
 87755399168.0
 93685522432.0
 100594950144.0
 108690694144.0
 117429567488.0
 125984612352.0
 134081536000.0
 142362345472.0
 151833018368.0
 162844966912.0
 174602878976.0
 185764298752.0
 195645521920.0
 204906479616.0
 214963044352.0
 226570223616.0
 238877360128.0
 249902874624.0
 258126528512.0
 263751467008.0
 268463538176.0
 273802788864.0
 279555178496.0
 283632238592.0
 283599077376.0
 278587211776.0
 269925335040.0
 259985227776.0
 250204192768.0
 239972007936.0
 227241721856.0
 210298814464.0
 189219831808.0
 165914214400.0
 142887944192.0
 121802924032.0
 102891290624.0
 85472788480.0
 68926111744.0
 53312561152.0
 39301996544.0
 27653373952.0
 18765268992.0
 12569350144.0
 8698199040.0
 6694632448.0
 6102471680.0
 6488649216.0
 7451245568.0
 8650639360.0
 9823238144.0
 10753345536.0
 11271821312.0
 11266462720.0
 10741958656.0
 9839314944.0
 8768535552.0
 7718521856.0
 6783724544.0
 5977709568.0
 5303322624.0
 4783423488.0
 4444974080.0
 4274242304.0
 4206209024.0
 4164321536.0
 4108011008.0
 4040323328.0
 3978685184.0
 3917162240.0
 3829535488.0
 3701196288.0
 3550138880.0
 3413058560.0
 3311208704.0
 3230648576.0
 3144156160.0
 3041219328.0
 2938245120.0
 2857759488.0
 2802551808.0
 2750034688.0
 2683716864.0
 2608731648.0
 2550660096.0
 2531958272.0
 4210849024.0
 4320376832.0
 4456944128.0
 4583267328.0
 4680676352.0
 4769204736.0
 4888858112.0
 5054550016.0
 5235901952.0
 5388820480.0
 5505858560.0
 5627532288.0
 5800206848.0
 6023391232.0
 6246835712.0
 6428383744.0
 6580396032.0
 6760538624.0
 7006704640.0
 7292660224.0
 7556351488.0
 7773267456.0
 7986665984.0
 8265176064.0
 8623185920.0
 8998822912.0
 9323411456.0
 9598935040.0
 9905601536.0
 10314099712.0
 10808243200.0
 11298366464.0
 11723825152.0
 12126301184.0
 12612865024.0
 13229701120.0
 13912974336.0
 14549463040.0
 15113611264.0
 15709843456.0
 16469692416.0
 17403078656.0
 18382743552.0
 19280629760.0
 20121006080.0
 21072287744.0
 22267836416.0
 23655426048.0
 25047558144.0
 26339860480.0
 27654475776.0
 29234028544.0
 31181694976.0
 33333569536.0
 35426385920.0
 37408649216.0
 39541575680.0
 42155569152.0
 45294186496.0
 48655261696.0
 51916582912.0
 55133974528.0
 58758283264.0
 63191568384.0
 68346273792.0
 73701941248.0
 78879473664.0
 84142145536.0
 90240598016.0
 97681235968.0
 106158014464.0
 114810527744.0
 123152596992.0
 131729080320.0
 141731872768.0
 153830293504.0
 167388889088.0
 180992950272.0
 193910865920.0
 207045574656.0
 222276648960.0
 240628596736.0
 261027250176.0
 281050742784.0
 299198119936.0
 316549726208.0
 336009887744.0
 359558610944.0
 385979514880.0
 411380613120.0
 432365142016.0
 449097891840.0
 465342693376.0
 485069488128.0
 508472721408.0
 530986729472.0
 546435563520.0
 551814496256.0
 549624479744.0
 545686257664.0
 544136364032.0
 543775752192.0
 538738393088.0
 522896080896.0
 494393491456.0
 456820588544.0
 416411811840.0
 377772146688.0
 341464121344.0
 304927670272.0
 265488842752.0
 222884249600.0
 179609452544.0
 139317886976.0
 104837586944.0
 77204307968.0
 55993024512.0
 40225738752.0
 29049038848.0
 21862055936.0
 18121695232.0
 17169649664.0
 18201743360.0
 20322537472.0
 22633404416.0
 24356466688.0
 24994177024.0
 24442376192.0
 22920609792.0
 20796299264.0
 18369880064.0
 15819201536.0
 13281668096.0
 10943420416.0
 9042551808.0
 7738324480.0
 7017026048.0
 6713368064.0
 6630922240.0
 6647156224.0
 6712802816.0
 6785509376.0
 6795593728.0
 6677875712.0
 6435994112.0
 6146612224.0
 5895259648.0
 5706666496.0
 5541897216.0
 5355424768.0
 5151733760.0
 4975536128.0
 4856461312.0
 4771998720.0
 4671601664.0
 4526534656.0
 4362715648.0
 4228544256.0
 4157412352.0
 4153158400.0
 6831229440.0
 6838851072.0
 6829398016.0
 6822641664.0
 6874674688.0
 7037163008.0
 7293534720.0
 7558546944.0
 7757093888.0
 7901102592.0
 8076467200.0
 8345061888.0
 8672990208.0
 8967131136.0
 9181576192.0
 9377777664.0
 9658246144.0
 10050604032.0
 10469115904.0
 10806473728.0
 11058960384.0
 11340301312.0
 11757926400.0
 12292590592.0
 12813618176.0
 13224187904.0
 13579010048.0
 14028363776.0
 14651454464.0
 15357521920.0
 15985961984.0
 16491804672.0
 17014885376.0
 17733267456.0
 18665977856.0
 19629443072.0
 20447488000.0
 21149917184.0
 21965285376.0
 23073406976.0
 24401113088.0
 25692350464.0
 26804563968.0
 27893104640.0
 29264869376.0
 31039129600.0
 32991320064.0
 34788454400.0
 36380852224.0
 38107987968.0
 40363048960.0
 43157467136.0
 46084096000.0
 48763211776.0
 51306618880.0
 54268596224.0
 58070822912.0
 62517202944.0
 66970955776.0
 71083458560.0
 75281465344.0
 80425590784.0
 86917988352.0
 94210539520.0
 101344591872.0
 108048613376.0
 115219734528.0
 124141674496.0
 135144308736.0
 147154157568.0
 158778294272.0
 169926328320.0
 182229827584.0
 197588549632.0
 216174837760.0
 236029001728.0
 254963941376.0
 273054302208.0
 293070700544.0
 318040244224.0
 348109504512.0
 379946663936.0
 409728286720.0
 437128069120.0
 466283626496.0
 502259712000.0
 545947910144.0
 592373350400.0
 634587381760.0
 670027350016.0
 703402082304.0
 742832734208.0
 792162664448.0
 846263287808.0
 894089232384.0
 927384338432.0
 947609534464.0
 964734812160.0
 988435054592.0
 1018984792064.0
 1045653028864.0
 1054236672000.0
 1037637582848.0
 1000909111296.0
 956845916160.0
 915929956352.0
 878733033472.0
 836413423616.0
 778277683200.0
 700139241472.0
 607378800640.0
 511329337344.0
 422600179712.0
 346356645888.0
 282087424000.0
 226689417216.0
 177850204160.0
 135460978688.0
 100904640512.0
 75513397248.0
 59470716928.0
 51608424448.0
 49802133504.0
 51543613440.0
 54494035968.0
 56902451200.0
 57779179520.0
 56764039168.0
 53797666816.0
 48938549248.0
 42410213376.0
 34791288832.0
 27049324544.0
 20244854784.0
 15115842560.0
 11833608192.0
 10102686720.0
 9464666112.0
 9526649856.0
 9986046976.0
 10549693440.0
 10926505984.0
 10938618880.0
 10613122048.0
 10137326592.0
 9690296320.0
 9316324352.0
 8950204416.0
 8545735680.0
 8151336960.0
 7859745280.0
 7696423936.0
 7583659008.0
 7417882112.0
 7177583104.0
 6936035840.0
 6785042432.0
 6745798656.0
 6772401664.0
 6807582720.0
 9488416768.0
 9319603200.0
 9209209856.0
 9239065600.0
 9458071552.0
 9805341696.0
 10135250944.0
 10355132416.0
 10521796608.0
 10775734272.0
 11180811264.0
 11641077760.0
 12001996800.0
 12228460544.0
 12453591040.0
 12838393856.0
 13388962816.0
 13943428096.0
 14351589376.0
 14649030656.0
 15027352576.0
 15619461120.0
 16339917824.0
 16975164416.0
 17427933184.0
 17843793920.0
 18462963712.0
 19347415040.0
 20296896512.0
 21061740544.0
 21635543040.0
 22281013248.0
 23249827840.0
 24490792960.0
 25699928064.0
 26652721152.0
 27492044800.0
 28584308736.0
 30118842368.0
 31868946432.0
 33429336064.0
 34683539456.0
 35982893056.0
 37790318592.0
 40161763328.0
 42654031872.0
 44804812800.0
 46685028352.0
 48885358592.0
 51892215808.0
 55524016128.0
 59092873216.0
 62186745856.0
 65217630208.0
 69066285056.0
 74139705344.0
 79862022144.0
 85257953280.0
 90083049472.0
 95260401664.0
 102012887040.0
 110537187328.0
 119697457152.0
 128234127360.0
 136289198080.0
 145540087808.0
 157576642560.0
 172139216896.0
 187225276416.0
 201239494656.0
 215038230528.0
 231508721664.0
 252776644608.0
 277812936704.0
 303212462080.0
 326786809856.0
 350432788480.0
 378952613888.0
 415445647360.0
 457762144256.0
 500094664704.0
 538831945728.0
 577065385984.0
 622683619328.0
 680987721728.0
 748693553152.0
 815811788800.0
 874759716864.0
 928490848256.0
 989210542080.0
 1067499651072.0
 1161185722368.0
 1254833782784.0
 1331782352896.0
 1388908773376.0
 1440547995648.0
 1506664775680.0
 1594366885888.0
 1688701501440.0
 1761693007872.0
 1793162739712.0
 1786447265792.0
 1765699878912.0
 1756470968320.0
 1764896538624.0
 1771863277568.0
 1746410274816.0
 1667627745280.0
 1538603614208.0
 1383198097408.0
 1229790380032.0
 1094848151552.0
 977260969984.0
 864985350144.0
 746939547648.0
 621225115648.0
 495518121984.0
 381623730176.0
 289194868736.0
 222353293312.0
 179818283008.0
 156969549824.0
 148033667072.0
 147501301760.0
 150759391232.0
 154159136768.0
 154831110144.0
 150552821760.0
 139955273728.0
 123040129024.0
 101488410624.0
 78291468288.0
 56711122944.0
 39117238272.0
 26442332160.0
 18411071488.0
 14174006272.0
 12777785344.0
 13267081216.0
 14644360192.0
 15977289728.0
 16668904448.0
 16623830016.0
 16107560960.0
 15418000384.0
 14660966400.0
 13805048832.0
 12880141312.0
 12059666432.0
 11524131840.0
 11277850624.0
 11134266368.0
 10897429504.0
 10539418624.0
 10197252096.0
 10001214464.0
 9944406016.0
 9913272320.0
 9822091264.0
 9666309120.0
 11141256192.0
 11039514624.0
 11237715968.0
 11696375808.0
 12253445120.0
 12689044480.0
 12908190720.0
 13049847808.0
 13352090624.0
 13891880960.0
 14497318912.0
 14933039104.0
 15168472064.0
 15423812608.0
 15923900416.0
 16637338624.0
 17302126592.0
 17723226112.0
 18011377664.0
 18474954752.0
 19275728896.0
 20227846144.0
 20987942912.0
 21446543360.0
 21870931968.0
 22623184896.0
 23750500352.0
 24916781056.0
 25775990784.0
 26379247616.0
 27149000704.0
 28407609344.0
 29991884800.0
 31405801472.0
 32388837376.0
 33241159680.0
 34541883392.0
 36494471168.0
 38672875520.0
 40470208512.0
 41802633216.0
 43259392000.0
 45479686144.0
 48413184000.0
 51329761280.0
 53635362816.0
 55607681024.0
 58182688768.0
 61943250944.0
 66411495424.0
 70513745920.0
 73799254016.0
 77074620416.0
 81634148352.0
 87831379968.0
 94598905856.0
 100577599488.0
 105736060928.0
 111639797760.0
 119883620352.0
 130277965824.0
 140888965120.0
 150142287872.0
 158831083520.0
 169649094656.0
 184459116544.0
 202112565248.0
 219445149696.0
 234781065216.0
 250301300736.0
 270361690112.0
 297026519040.0
 327501283328.0
 356707663872.0
 382951424000.0
 410773127168.0
 447281364992.0
 494924267520.0
 548147494912.0
 598358753280.0
 643228106752.0
 690879922176.0
 753459527680.0
 835100999680.0
 926193287168.0
 1011170476032.0
 1084020752384.0
 1156681302016.0
 1250342993920.0
 1375596969984.0
 1519600402432.0
 1654216065024.0
 1760420954112.0
 1847673094144.0
 1948893052928.0
 2092359614464.0
 2273620787200.0
 2453119696896.0
 2584562630656.0
 2652073885696.0
 2684637937664.0
 2733837123584.0
 2831211560960.0
 2959271526400.0
 3059976241152.0
 3074736259072.0
 2985297444864.0
 2824929280000.0
 2653091790848.0
 2514131615744.0
 2410383409152.0
 2306578579456.0
 2158565916672.0
 1943857397760.0
 1674234429440.0
 1386255876096.0
 1120396378112.0
 903611613184.0
 743635419136.0
 633760972800.0
 561486954496.0
 515070558208.0
 485873745920.0
 467594379264.0
 454598361088.0
 440916803584.0
 420591697920.0
 389133860864.0
 345195479040.0
 291357032448.0
 233216114688.0
 177173692416.0
 128189693952.0
 88753111040.0
 59284959232.0
 39142854656.0
 27240761344.0
 22035378176.0
 21400684544.0
 22948388864.0
 24718329856.0
 25684981760.0
 25671034880.0
 24847312896.0
 23352041472.0
 21309382656.0
 19041376256.0
 17069644800.0
 15809499136.0
 15258714112.0
 15036196864.0
 14745854976.0
 14298911744.0
 13881992192.0
 13657949184.0
 13543276544.0
 13298921472.0
 12792184832.0
 12128623616.0
 11524022272.0
 12489413632.0
 12699499520.0
 13351789568.0
 14163463168.0
 14777590784.0
 15040927744.0
 15150043136.0
 15457695744.0
 16095463424.0
 16824128512.0
 17308841984.0
 17509267456.0
 17745559552.0
 18346438656.0
 19259164672.0
 20083609600.0
 20517453824.0
 20716691456.0
 21150236672.0
 22078416896.0
 23247659008.0
 24157431808.0
 24626460672.0
 25023889408.0
 25865390080.0
 27217266688.0
 28590610432.0
 29485686784.0
 29990299648.0
 30731597824.0
 32193785856.0
 34139789312.0
 35831709696.0
 36851187712.0
 37617688576.0
 38957821952.0
 41187905536.0
 43710124032.0
 45665845248.0
 46940827648.0
 48379654144.0
 50885079040.0
 54360678400.0
 57727442944.0
 60109168640.0
 61905006592.0
 64472219648.0
 68659752960.0
 73792307200.0
 78338195456.0
 81653473280.0
 84862386176.0
 89757081600.0
 96779665408.0
 104370282496.0
 110621245440.0
 115553312768.0
 121417965568.0
 130417254400.0
 142178680832.0
 153913442304.0
 163441721344.0
 171935449088.0
 183146266624.0
 199493894144.0
 219171815424.0
 237768278016.0
 253211148288.0
 268787023872.0
 290429632512.0
 320491945984.0
 354609430528.0
 385823211520.0
 412454453248.0
 441378111488.0
 482139275264.0
 536987041792.0
 597344190464.0
 651848515584.0
 699081555968.0
 751692414976.0
 825740492800.0
 924213510144.0
 1031637499904.0
 1127695908864.0
 1208746770432.0
 1295748300800.0
 1417696116736.0
 1583353692160.0
 1768401928192.0
 1933905494016.0
 2062862909440.0
 2181340332032.0
 2340687708160.0
 2571842617344.0
 2851210526720.0
 3112080769024.0
 3297304903680.0
 3410402213888.0
 3518868750336.0
 3701301313536.0
 3978516234240.0
 4285829742592.0
 4512816824320.0
 4582494699520.0
 4508824371200.0
 4387343958016.0
 4325371019264.0
 4364028346368.0
 4448700071936.0
 4466464522240.0
 4320472334336.0
 3988786511872.0
 3532030738432.0
 3052786417664.0
 2639644852224.0
 2331365605376.0
 2115908534272.0
 1954687352832.0
 1810962317312.0
 1666144927744.0
 1520262709248.0
 1382661750784.0
 1261547159552.0
 1158088097792.0
 1066344841216.0
 977208934400.0
 883225526272.0
 781604814848.0
 674233319424.0
 565442641920.0
 459581784064.0
 360077164544.0
 270034665472.0
 192979877888.0
 132380164096.0
 90037764096.0
 64750088192.0
 52506054656.0
 48129339392.0
 47114014720.0
 46508929024.0
 44756779008.0
 41230454784.0
 36066488320.0
 30160203776.0
 24847106048.0
 21182994432.0
 19337265152.0
 18644377600.0
 18266159104.0
 17826666496.0
 17458139136.0
 17343021056.0
 17327591424.0
 17013098496.0
 16159240192.0
 14920160256.0
 13696392192.0
 12829484032.0
 14875708416.0
 15195200512.0
 15776399360.0
 16269157376.0
 16430898176.0
 16425275392.0
 16677224448.0
 17390262272.0
 18276382720.0
 18846025728.0
 18970173440.0
 19055755264.0
 19610335232.0
 20665235456.0
 21708888064.0
 22245898240.0
 22368866304.0
 22677747712.0
 23612506112.0
 24934043648.0
 25979025408.0
 26420817920.0
 26678396928.0
 27479261184.0
 29017579520.0
 30681358336.0
 31706982400.0
 32064972800.0
 32557512704.0
 33954566144.0
 36112130048.0
 38087049216.0
 39188987904.0
 39805997056.0
 41025310720.0
 43395354624.0
 46241820672.0
 48367460352.0
 49445785600.0
 50511355904.0
 52889006080.0
 56680955904.0
 60541689856.0
 63122640896.0
 64659238912.0
 66850254848.0
 71009411072.0
 76509200384.0
 81370554368.0
 84511653888.0
 87175340032.0
 91751792640.0
 99110256640.0
 107405049856.0
 113954504704.0
 118356320256.0
 123306606592.0
 131886227456.0
 144069541888.0
 156448047104.0
 165903056896.0
 173432750080.0
 183653384192.0
 199980040192.0
 220511666176.0
 239607054336.0
 254128570368.0
 267766726656.0
 288081412096.0
 318549819392.0
 354065940480.0
 385667760128.0
 410606075904.0
 437024325632.0
 476942663680.0
 533532999680.0
 596252688384.0
 650807345152.0
 695358193664.0
 745812852736.0
 822181625856.0
 927618236416.0
 1042049662976.0
 1140307001344.0
 1219671883776.0
 1308663087104.0
 1443841966080.0
 1633182416896.0
 1842192187392.0
 2021802639360.0
 2157087293440.0
 2290664341504.0
 2492164734976.0
 2794355687424.0
 3153062264832.0
 3474134925312.0
 3692884131840.0
 3839353683968.0
 4026420953088.0
 4360118730752.0
 4841688530944.0
 5346384412672.0
 5706136682496.0
 5837292568576.0
 5812435550208.0
 5814533226496.0
 6002636750848.0
 6388228554752.0
 6814543904768.0
 7054266728448.0
 6955064623104.0
 6532370006016.0
 5952186089472.0
 5425376788480.0
 5089397833728.0
 4949850193920.0
 4904794980352.0
 4820794605568.0
 4607130992640.0
 4249782845440.0
 3799731142656.0
 3335547781120.0
 2925980549120.0
 2608642129920.0
 2387401506816.0
 2242039250944.0
 2141491822592.0
 2054389628928.0
 1954649341952.0
 1823497650176.0
 1650511314944.0
 1435273134080.0
 1188741775360.0
 931943219200.0
 690578194432.0
 487043989504.0
 333677756416.0
 230583304192.0
 168490926080.0
 134144614400.0
 115009323008.0
 101713764352.0
 88627068928.0
 73630965760.0
 57502326784.0
 42684641280.0
 31539109888.0
 24899856384.0
 21844664320.0
 20688146432.0
 20210419712.0
 20077051904.0
 20321105920.0
 20690919424.0
 20617699328.0
 19735635968.0
 18250401792.0
 16728061952.0
 15606210560.0
 14996640768.0
 18196602880.0
 18120433664.0
 17925881856.0
 17507624960.0
 17017415680.0
 16922540032.0
 17544640512.0
 18606723072.0
 19419078656.0
 19585998848.0
 19457730560.0
 19759110144.0
 20776595456.0
 22017699840.0
 22748180480.0
 22835081216.0
 22929778688.0
 23738875904.0
 25195083776.0
 26483947520.0
 26964559872.0
 26945730560.0
 27399737344.0
 28884205568.0
 30858549248.0
 32234600448.0
 32600326144.0
 32737669120.0
 33788911616.0
 35953795072.0
 38213234688.0
 39461502976.0
 39817818112.0
 40587726848.0
 42814615552.0
 46012264448.0
 48600322048.0
 49670164480.0
 50126065664.0
 51806031872.0
 55434158080.0
 59707822080.0
 62676156416.0
 63985209344.0
 65441951744.0
 69077024768.0
 74758021120.0
 80144728064.0
 83272187904.0
 84973674496.0
 88263753728.0
 95065112576.0
 103854907392.0
 111089164288.0
 115174809600.0
 118617825280.0
 125593780224.0
 137270321152.0
 150133882880.0
 159656230912.0
 165656084480.0
 173246267392.0
 187638415360.0
 208080961536.0
 227937615872.0
 241764712448.0
 252106604544.0
 267996479488.0
 295629029376.0
 330868228096.0
 362641948672.0
 385033142272.0
 405493383168.0
 438949937152.0
 492180930560.0
 554779410432.0
 608362758144.0
 646847135744.0
 686677622784.0
 753421189120.0
 855316889600.0
 971009622016.0
 1068056641536.0
 1137812176896.0
 1211411726336.0
 1335425892352.0
 1525463515136.0
 1743385395200.0
 1927355039744.0
 2053627445248.0
 2171571929088.0
 2370080079872.0
 2696067678208.0
 3098298023936.0
 3457652621312.0
 3690307518464.0
 3836802236416.0
 4049054990336.0
 4469851422720.0
 5098538795008.0
 5762648637440.0
 6236254240768.0
 6421649293312.0
 6447047901184.0
 6589259972608.0
 7067120697344.0
 7859161006080.0
 8688501260288.0
 9195054170112.0
 9175358767104.0
 8721024417792.0
 8162034843648.0
 7859351322624.0
 7988806418432.0
 8451074818048.0
 8947918438400.0
 9158389661696.0
 8901382635520.0
 8201274654720.0
 7245102317568.0
 6279183466496.0
 5508969791488.0
 5043267829760.0
 4888957288448.0
 4978248253440.0
 5205089845248.0
 5455056732160.0
 5624366104576.0
 5631338086400.0
 5425265115136.0
 4994321874944.0
 4369480679424.0
 3619441082368.0
 2834454806528.0
 2102921658368.0
 1489526980608.0
 1023490523136.0
 700164669440.0
 492424265728.0
 364776423424.0
 284360146944.0
 226833793024.0
 178053480448.0
 133014921216.0
 92926140416.0
 61210021888.0
 39914041344.0
 28133722112.0
 22875303936.0
 21081640960.0
 20953477120.0
 21763340288.0
 22913615872.0
 23532251136.0
 22968102912.0
 21405554688.0
 19714406400.0
 18648127488.0
 18280908800.0
 18227193856.0
 21076832256.0
 20272838656.0
 19044118528.0
 17689208832.0
 16770619392.0
 16835567616.0
 17827129344.0
 18965956608.0
 19442987008.0
 19243063296.0
 19155914752.0
 19882948608.0
 21221718016.0
 22273441792.0
 22468134912.0
 22258704384.0
 22651205632.0
 24046778368.0
 25723213824.0
 26594887680.0
 26465384448.0
 26323992576.0
 27281926144.0
 29307054080.0
 31195170816.0
 31901712384.0
 31763636224.0
 32178382848.0
 34025279488.0
 36596125696.0
 38331097088.0
 38616928256.0
 38608375808.0
 40029159424.0
 43193753600.0
 46514016256.0
 48192208896.0
 48304513024.0
 48861892608.0
 51623903232.0
 56036720640.0
 59732037632.0
 61202509824.0
 61681102848.0
 63947956224.0
 69179105280.0
 75375075328.0
 79402729472.0
 80610418688.0
 81906196480.0
 86764216320.0
 95242051584.0
 103597539328.0
 108327460864.0
 110367105024.0
 114527821824.0
 124273025024.0
 137469771776.0
 148278280192.0
 153709985792.0
 157701554176.0
 167546912768.0
 185846104064.0
 206840315904.0
 222076977152.0
 230121553920.0
 239498149888.0
 260374904832.0
 293042520064.0
 326185353216.0
 348555870208.0
 362571071488.0
 384295698432.0
 427455381504.0
 487273070592.0
 542863589376.0
 578861006848.0
 604961439744.0
 650534649856.0
 735655559168.0
 846924021760.0
 946384732160.0
 1010134089728.0
 1059396845568.0
 1147919532032.0
 1310632050688.0
 1521945935872.0
 1711204728832.0
 1830515507200.0
 1913218662400.0
 2058918035456.0
 2345438543872.0
 2744011456512.0
 3125518532608.0
 3369959686144.0
 3490180497408.0
 3650350219264.0
 4040872689664.0
 4702535680000.0
 5456194437120.0
 6021310840832.0
 6247178829824.0
 6268797845504.0
 6440413560832.0
 7072637779968.0
 8166862487552.0
 9361764122624.0
 10154810540032.0
 10251782848512.0
 9793075937280.0
 9288669986816.0
 9300048084992.0
 10082085502976.0
 11417557139456.0
 12738856222720.0
 13444389535744.0
 13210324303872.0
 12128644759552.0
 10627446734848.0
 9253967364096.0
 8451712352256.0
 8430148911104.0
 9152099254272.0
 10403001139200.0
 11885457965056.0
 13296888446976.0
 14376241201152.0
 14927256354816.0
 14832394829824.0
 14064923181056.0
 12695847829504.0
 10885812715520.0
 8855403626496.0
 6837720055808.0
 5027865821184.0
 3547209400320.0
 2433554841600.0
 1656096686080.0
 1144126701568.0
 816156639232.0
 600731811840.0
 446745903104.0
 325125701632.0
 224662421504.0
 144594092032.0
 86786924544.0
 50475708416.0
 31172851712.0
 22821029888.0
 20458889216.0
 21163866112.0
 23222255616.0
 25103597568.0
 25516085248.0
 24190369792.0
 22117036032.0
 20670142464.0
 20438702080.0
 20931397632.0
 21295493120.0
 22526943232.0
 21028603904.0
 18995027968.0
 17072916480.0
 16068629504.0
 16407089152.0
 17609662464.0
 18592403456.0
 18685431808.0
 18302355456.0
 18455126016.0
 19580499968.0
 20999260160.0
 21666555904.0
 21391030272.0
 21124917248.0
 21927055360.0
 23721234432.0
 25302519808.0
 25653508096.0
 25141424128.0
 25177352192.0
 26647771136.0
 28876003328.0
 30331322368.0
 30375002112.0
 30062503936.0
 30998360064.0
 33470263296.0
 36005707776.0
 36981125120.0
 36543172608.0
 36600987648.0
 38751522816.0
 42393993216.0
 45265215488.0
 45946290176.0
 45580369920.0
 46715674624.0
 50424143872.0
 54933762048.0
 57519607808.0
 57689251840.0
 58004652032.0
 61361070080.0
 67588894720.0
 73328549888.0
 75666923520.0
 75635171328.0
 77425516544.0
 83818921984.0
 92811722752.0
 99540770816.0
 101784510464.0
 102936002560.0
 108659703808.0
 120436252672.0
 133288099840.0
 140917112832.0
 143109783552.0
 146940248064.0
 159517884416.0
 179687899136.0
 198321291264.0
 208064479232.0
 212426997760.0
 223424364544.0
 248819908608.0
 282423164928.0
 309326413824.0
 322346385408.0
 332199165952.0
 358445154304.0
 408434311168.0
 466694733824.0
 509006872576.0
 529402232832.0
 551311376384.0
 607000788992.0
 702788861952.0
 807026098176.0
 879013003264.0
 914346213376.0
 958962991104.0
 1069667975168.0
 1253956255744.0
 1451375591424.0
 1585784553472.0
 1646665793536.0
 1717811937280.0
 1911274471424.0
 2256256892928.0
 2649898090496.0
 2934353952768.0
 3047883800576.0
 3112398749696.0
 3356628877312.0
 3916979765248.0
 4684744491008.0
 5354493050880.0
 5666327494656.0
 5654408331264.0
 5678416527360.0
 6173819404288.0
 7292287713280.0
 8719267528704.0
 9842385223680.0
 10178482143232.0
 9755130068992.0
 9155260710912.0
 9167978889216.0
 10270418141184.0
 12286935695360.0
 14450417467392.0
 15823177515008.0
 15813044076544.0
 14485065564160.0
 12519704887296.0
 10883342270464.0
 10416044376064.0
 11539733020672.0
 14182336430080.0
 17887934808064.0
 22011711586304.0
 25900506677248.0
 29007370256384.0
 30940483026944.0
 31475133054976.0
 30555915681792.0
 28297851305984.0
 24976012869632.0
 20988355936256.0
 16787407110144.0
 12794796703744.0
 9325412089856.0
 6546004115456.0
 4477847339008.0
 3034483261440.0
 2074267353088.0
 1447982661632.0
 1030434586624.0
 734292672512.0
 509810278400.0
 335529869312.0
 205199900672.0
 116022681600.0
 62135783424.0
 34191443968.0
 22471057408.0
 19687112704.0
 21347725312.0
 24464492544.0
 26652495872.0
 26536771584.0
 24465004544.0
 22130618368.0
 21098602496.0
 21593559040.0
 22629181440.0
 23096752128.0
 22785107968.0
 20848408576.0
 18395056128.0
 16270329856.0
 15361997824.0
 15925474304.0
 17191333888.0
 17967945728.0
 17790310400.0
 17369153536.0
 17762330624.0
 19128774656.0
 20488497152.0
 20818841600.0
 20267560960.0
 20069122048.0
 21181388800.0
 23144851456.0
 24521236480.0
 24488224768.0
 23828045824.0
 24107458560.0
 25906511872.0
 28110272512.0
 29128538112.0
 28744587264.0
 28461615104.0
 29835059200.0
 32626401280.0
 34936762368.0
 35313545216.0
 34510356480.0
 34794999808.0
 37440684032.0
 41176444928.0
 43496263680.0
 43489415168.0
 43019558912.0
 44725952512.0
 48968556544.0
 53221052416.0
 54845538304.0
 54254059520.0
 54745194496.0
 58905997312.0
 65486413824.0
 70481395712.0
 71569022976.0
 71022215168.0
 73503408128.0
 80836837376.0
 89612222464.0
 94737170432.0
 95361712128.0
 96419979264.0
 103476461568.0
 116178739200.0
 127932186624.0
 132974731264.0
 133415329792.0
 137898360832.0
 152365629440.0
 172755222528.0
 188509716480.0
 194269528064.0
 197116788736.0
 210197659648.0
 238175240192.0
 270464352256.0
 291445374976.0
 298396942336.0
 307319570432.0
 337762287616.0
 390745063424.0
 444354953216.0
 475363311616.0
 486564102144.0
 509246177280.0
 573190766592.0
 672431341568.0
 765214457856.0
 815041740800.0
 834503966720.0
 882916786176.0
 1010726076416.0
 1201587879936.0
 1375993856000.0
 1465787613184.0
 1493398323200.0
 1570800664576.0
 1801680977920.0
 2169825656832.0
 2528387268608.0
 2723330129920.0
 2752859602944.0
 2808214978560.0
 3129459343360.0
 3780312563712.0
 4545100382208.0
 5071405318144.0
 5171950649344.0
 5036025839616.0
 5141347434496.0
 5892061265920.0
 7252590198784.0
 8688508076032.0
 9508746166272.0
 9386591256576.0
 8671727714304.0
 8232825257984.0
 8903626588160.0
 10897684692992.0
 13591806738432.0
 15834666762240.0
 16594115756032.0
 15552086016000.0
 13311408078848.0
 11130510508032.0
 10368698023936.0
 11945606381568.0
 16052868087808.0
 22182967115776.0
 29381074354176.0
 36559600484352.0
 42746450542592.0
 47216890740736.0
 49529080512512.0
 49512924053504.0
 47250726191104.0
 43058083135488.0
 37449245917184.0
 31068304441344.0
 24585885974528.0
 18584329781248.0
 13466926579712.0
 9419209310208.0
 6428346548224.0
 4343804723200.0
 2951427915776.0
 2036512456704.0
 1423511650304.0
 991535104000.0
 671209619456.0
 430374092800.0
 256169803776.0
 140305006592.0
 71729569792.0
 36685410304.0
 22297188352.0
 19233472512.0
 21584594944.0
 25314404352.0
 27494797312.0
 26856036352.0
 24267802624.0
 21844324352.0
 21136623616.0
 22040698880.0
 23276457984.0
 23662077952.0
 22722920448.0
 20643698688.0
 18072367104.0
 15914034176.0
 15067623424.0
 15714315264.0
 16985266176.0
 17671776256.0
 17400004608.0
 16982484992.0
 17472192512.0
 18914412544.0
 20231962624.0
 20433178624.0
 19796793344.0
 19641749504.0
 20864704512.0
 22864973824.0
 24143841280.0
 23974246400.0
 23285209088.0
 23670628352.0
 25576583168.0
 27739686912.0
 28581363712.0
 28056504320.0
 27811995648.0
 29349306368.0
 32227155968.0
 34420887552.0
 34577584128.0
 33674442752.0
 34070521856.0
 36882505728.0
 40602906624.0
 42685927424.0
 42442489856.0
 41979228160.0
 43912617984.0
 48313114624.0
 52413173760.0
 53669117952.0
 52841746432.0
 53446549504.0
 57890541568.0
 64524812288.0
 69180129280.0
 69821292544.0
 69161115648.0
 71942488064.0
 79570124800.0
 88156119040.0
 92634890240.0
 92719439872.0
 93841162240.0
 101397159936.0
 114318139392.0
 125523460096.0
 129599037440.0
 129527218176.0
 134374858752.0
 149483339776.0
 169734373376.0
 184254251008.0
 188604088320.0
 191121489920.0
 205094633472.0
 233847881728.0
 265303752704.0
 283936751616.0
 288872759296.0
 297842999296.0
 329933160448.0
 383624511488.0
 434968625152.0
 461696499712.0
 470041296896.0
 493693501440.0
 560751706112.0
 660513030144.0
 748208455680.0
 789893545984.0
 804638949376.0
 855693918208.0
 989812424704.0
 1181613686784.0
 1345953726464.0
 1419468472320.0
 1437062135808.0
 1519130378240.0
 1763563798528.0
 2136720277504.0
 2478163361792.0
 2639244820480.0
 2641648418816.0
 2698593435648.0
 3047890878464.0
 3722806820864.0
 4471829037056.0
 4934721339392.0
 4958965989376.0
 4789342568448.0
 4933991006208.0
 5768912306176.0
 7182379122688.0
 8569872187392.0
 9236861943808.0
 8939215257600.0
 8151738351616.0
 7827842138112.0
 8777956327424.0
 11080300494848.0
 13932620152832.0
 16063552028672.0
 16457944530944.0
 14961369677824.0
 12424637841408.0
 10338921611264.0
 10193276502016.0
 12894213242880.0
 18493021880320.0
 26268080799744.0
 35039488245760.0
 43532375031808.0
 50649718849536.0
 55607407149056.0
 57960722071552.0
 57580915261440.0
 54624602030080.0
 49504443170816.0
 42842894368768.0
 35389905567744.0
 27905656619008.0
 21035074191360.0
 15212716490752.0
 10626766209024.0
 7246259945472.0
 4891538358272.0
 3317029142528.0
 2280358412288.0
 1585000349696.0
 1096133574656.0
 736131284992.0
 468149927936.0
 276312195072.0
 149850308608.0
 75495596032.0
 37684736000.0
 22274613248.0
 19107336192.0
 21700384768.0
 25616463872.0
 27748374528.0
 26895079424.0
 24125204480.0
 21685606400.0
 21094590464.0
 22120140800.0
 23390283776.0
 23717984256.0
 22785245184.0
 20848492544.0
 18394923008.0
 16269773824.0
 15361024000.0
 15924380672.0
 17190211584.0
 17966723072.0
 17789075456.0
 17367955456.0
 17761533952.0
 19128059904.0
 20488171520.0
 20818601984.0
 20267364352.0
 20069185536.0
 21181257728.0
 23144630272.0
 24520933376.0
 24487817216.0
 23827492864.0
 24106778624.0
 25905793024.0
 28109705216.0
 29128095744.0
 28744196096.0
 28461297664.0
 29834876928.0
 32626061312.0
 34936819712.0
 35313487872.0
 34510245888.0
 34794971136.0
 37440520192.0
 41176010752.0
 43495456768.0
 43488583680.0
 43018407936.0
 44724826112.0
 48967434240.0
 53219721216.0
 54844096512.0
 54252756992.0
 54743937024.0
 58904899584.0
 65485504512.0
 70480732160.0
 71568457728.0
 71021568000.0
 73502736384.0
 80836001792.0
 89611509760.0
 94736293888.0
 95360270336.0
 96418242560.0
 103474429952.0
 116176371712.0
 127929745408.0
 132972281856.0
 133412945920.0
 137896148992.0
 152363728896.0
 172753600512.0
 188508356608.0
 194267791360.0
 197114773504.0
 210195152896.0
 238172930048.0
 270461665280.0
 291442884608.0
 298393796608.0
 307315867648.0
 337758289920.0
 390740901888.0
 444350857216.0
 475359117312.0
 486559186944.0
 509240311808.0
 573184278528.0
 672424591360.0
 765208166400.0
 815035187200.0
 834496430080.0
 882907414528.0
 1010715394048.0
 1201577263104.0
 1375983763456.0
 1465778438144.0
 1493388230656.0
 1570788868096.0
 1801667346432.0
 2169811632128.0
 2528375209984.0
 2723321217024.0
 2752852525056.0
 2808206852096.0
 3129448595456.0
 3780298407936.0
 4545086226432.0
 5071394832384.0
 5171946979328.0
 5036027936768.0
 5141352153088.0
 5892065984512.0
 7252592820224.0
 8688506503168.0
 9508744069120.0
 9386594402304.0
 8671737675776.0
 8232842559488.0
 8903652802560.0
 10897713004544.0
 13591835049984.0
 15834690879488.0
 16594130436096.0
 15552092307456.0
 13311403884544.0
 11130497925120.0
 10368683343872.0
 11945593798656.0
 16052855504896.0
 22182956630016.0
 29381061771264.0
 36559587901440.0
 42746433765376.0
 47216878157824.0
 49529059540992.0
 49512907276288.0
 47250705219584.0
 43058074746880.0
 37449245917184.0
 31068310732800.0
 24585888071680.0
 18584336072704.0
 13466929725440.0
 9419211407360.0
 6428346548224.0
 4343804198912.0
 2951426605056.0
 2036510883840.0
 1423510470656.0
 991534120960.0
 671208767488.0
 430373404672.0
 256169066496.0
 140304252928.0
 71728611328.0
 36684615680.0
 22296608768.0
 19232790528.0
 21584074752.0
 25313886208.0
 27494207488.0
 26855581696.0
 24267462656.0
 21843884032.0
 21136576512.0
 22040782848.0
 23276630016.0
 23662475264.0
 22527346688.0
 21029345280.0
 18995968000.0
 17073768448.0
 16069354496.0
 16407979008.0
 17610698752.0
 18593425408.0
 18686337024.0
 18303148032.0
 18456184832.0
 19581251584.0
 21000196096.0
 21667313664.0
 21391642624.0
 21125957632.0
 21927839744.0
 23722053632.0
 25303441408.0
 25654487040.0
 25142523904.0
 25178341376.0
 26648692736.0
 28877025280.0
 30332315648.0
 30375817216.0
 30063157248.0
 30999046144.0
 33470535680.0
 36006531072.0
 36981620736.0
 36543541248.0
 36601597952.0
 38752112640.0
 42394578944.0
 45265657856.0
 45947056128.0
 45580955648.0
 46716448768.0
 50424954880.0
 54934319104.0
 57520140288.0
 57690181632.0
 58005721088.0
 61362196480.0
 67589931008.0
 73329688576.0
 75668054016.0
 75636228096.0
 77426679808.0
 83819847680.0
 92813033472.0
 99542155264.0
 101785870336.0
 102937976832.0
 108662013952.0
 120438472704.0
 133290360832.0
 140919390208.0
 143112306688.0
 146943180800.0
 159520931840.0
 179690995712.0
 198324633600.0
 208067837952.0
 212430995456.0
 223428558848.0
 248824872960.0
 282427686912.0
 309331886080.0
 322352316416.0
 332205981696.0
 358452854784.0
 408441847808.0
 466702106624.0
 509014704128.0
 529411112960.0
 551322058752.0
 607012847616.0
 702800527360.0
 807037698048.0
 879024734208.0
 914359975936.0
 958979178496.0
 1069686784000.0
 1253975523328.0
 1451393155072.0
 1585800937472.0
 1646683750400.0
 1717833957376.0
 1911301341184.0
 2256285990912.0
 2649924829184.0
 2934375972864.0
 3047902674944.0
 3112417624064.0
 3356653518848.0
 3917009125376.0
 4684775948288.0
 5354518216704.0
 5666341650432.0
 5654410952704.0
 5678412333056.0
 6173815209984.0
 7292287713280.0
 8719271198720.0
 9842388369408.0
 10178478997504.0
 9755112243200.0
 9155228205056.0
 9167928557568.0
 10270357323776.0
 12286868586496.0
 14450350358528.0
 15823124037632.0
 15813005279232.0
 14485046689792.0
 12519701741568.0
 10883349610496.0
 10416056958976.0
 11539743506432.0
 14182347964416.0
 17887947390976.0
 22011726266368.0
 25900527648768.0
 29007391227904.0
 30940512387072.0
 31475156123648.0
 30555934556160.0
 28297861791744.0
 24976014966784.0
 20988351741952.0
 16787397672960.0
 12794787266560.0
 9325404749824.0
 6546000445440.0
 4477845766144.0
 3034484047872.0
 2074268925952.0
 1447984496640.0
 1030435700736.0
 734293458944.0
 509810475008.0
 335530065920.0
 205200048128.0
 116022919168.0
 62135803904.0
 34191923200.0
 22471839744.0
 19687655424.0
 21348470784.0
 24465229824.0
 26653272064.0
 26537861120.0
 24466382848.0
 22131480576.0
 21099612160.0
 21594169344.0
 22629642240.0
 23097487360.0
 21076383744.0
 20272713728.0
 19044098048.0
 17688991744.0
 16770250752.0
 16835274752.0
 17826883584.0
 18965843968.0
 19442681856.0
 19242684416.0
 19155877888.0
 19882688512.0
 21221818368.0
 22273478656.0
 22467948544.0
 22259070976.0
 22651285504.0
 24046966784.0
 25723467776.0
 26595049472.0
 26465724416.0
 26324162560.0
 27282169856.0
 29307523072.0
 31195635712.0
 31901984768.0
 31763677184.0
 32178552832.0
 34024996864.0
 36596609024.0
 38331322368.0
 38617210880.0
 38609178624.0
 40030040064.0
 43194724352.0
 46514704384.0
 48192962560.0
 48304930816.0
 48862552064.0
 51624660992.0
 56037310464.0
 59732529152.0
 61203206144.0
 61681627136.0
 63948369920.0
 69179416576.0
 75375501312.0
 79402942464.0
 80610131968.0
 81905852416.0
 86763593728.0
 95242141696.0
 103597572096.0
 108327100416.0
 110366859264.0
 114527666176.0
 124272762880.0
 137469624320.0
 148277837824.0
 153709019136.0
 157700505600.0
 167545470976.0
 185844613120.0
 206838792192.0
 222074634240.0
 230118490112.0
 239494004736.0
 260371136512.0
 293038292992.0
 326181617664.0
 348550889472.0
 362564583424.0
 384288260096.0
 427447255040.0
 487264976896.0
 542855495680.0
 578851176448.0
 604948987904.0
 650520166400.0
 735639896064.0
 846909276160.0
 946370052096.0
 1010117509120.0
 1059375742976.0
 1147894366208.0
 1310605312000.0
 1521919983616.0
 1711180349440.0
 1830490079232.0
 1913187598336.0
 2058878844928.0
 2345394503680.0
 2743968202752.0
 3125479735296.0
 3369926393856.0
 3490145894400.0
 3650309062656.0
 4040821047296.0
 4702479581184.0
 5456140959744.0
 6021269946368.0
 6247153139712.0
 6268783165440.0
 6440402550784.0
 7072621527040.0
 8166840991744.0
 9361740005376.0
 10154795859968.0
 10251783897088.0
 9793099005952.0
 9288718221312.0
 9300119388160.0
 10082170437632.0
 11417647316992.0
 12738941157376.0
 13444459790336.0
 13210373586944.0
 12128673071104.0
 10627458269184.0
 9253967364096.0
 8451706585088.0
 8430141046784.0
 9152087719936.0
 10402986459136.0
 11885436993536.0
 13296864329728.0
 14376214986752.0
 14927233286144.0
 14832375955456.0
 14064912695296.0
 12695842586624.0
 10885814812672.0
 8855407820800.0
 6837724774400.0
 5027869491200.0
 3547210711040.0
 2433553530880.0
 1656094326784.0
 1144123817984.0
 816153886720.0
 600729845760.0
 446744985600.0
 325125210112.0
 224662323200.0
 144593993728.0
 86786646016.0
 50474876928.0
 31172450304.0
 22820737024.0
 20458272768.0
 21163448320.0
 23221669888.0
 25102952448.0
 25515554816.0
 24190265344.0
 22116268032.0
 20669708288.0
 20438018048.0
 20930975744.0
 21295585280.0
 18196234240.0
 18120407040.0
 17926033408.0
 17507682304.0
 17017464832.0
 16922473472.0
 17544349696.0
 18606686208.0
 19418832896.0
 19585826816.0
 19457955840.0
 19759044608.0
 20776855552.0
 22017986560.0
 22748182528.0
 22835732480.0
 22930077696.0
 23739174912.0
 25195194368.0
 26483816448.0
 26964664320.0
 26945488896.0
 27399391232.0
 28883744768.0
 30857809920.0
 32233713664.0
 32599304192.0
 32736976896.0
 33787734016.0
 35953442816.0
 38212681728.0
 39461163008.0
 39817981952.0
 40587784192.0
 42814558208.0
 46011748352.0
 48599805952.0
 49669521408.0
 50125840384.0
 51805794304.0
 55433789440.0
 59707392000.0
 62676066304.0
 63985217536.0
 65441935360.0
 69076893696.0
 74758086656.0
 80144908288.0
 83272335360.0
 84974239744.0
 88263983104.0
 95065784320.0
 103855259648.0
 111089295360.0
 115175407616.0
 118618808320.0
 125594492928.0
 137270870016.0
 150134358016.0
 159656968192.0
 165657952256.0
 173248053248.0
 187640004608.0
 208082059264.0
 227938598912.0
 241766367232.0
 252108619776.0
 267999428608.0
 295631421440.0
 330871013376.0
 362644996096.0
 385037533184.0
 405499379712.0
 438956425216.0
 492186697728.0
 554785374208.0
 608369836032.0
 646856638464.0
 686690205696.0
 753434558464.0
 855330062336.0
 971022336000.0
 1068071124992.0
 1137830789120.0
 1211435974656.0
 1335453548544.0
 1525490647040.0
 1743410167808.0
 1927380336640.0
 2053658247168.0
 2171612168192.0
 2370129100800.0
 2696119320576.0
 3098346258432.0
 3457694826496.0
 3690348150784.0
 3836851781632.0
 4049117380608.0
 4469925347328.0
 5098614816768.0
 5762716270592.0
 6236306145280.0
 6421688090624.0
 6447079882752.0
 6589295099904.0
 7067164213248.0
 7859209240576.0
 8688546873344.0
 9195085627392.0
 9175366107136.0
 8721000300544.0
 8161980317696.0
 7859271106560.0
 7988708900864.0
 8450973630464.0
 8947823017984.0
 9158309969920.0
 8901323915264.0
 8201235857408.0
 7245079773184.0
 6279172980736.0
 5508966645760.0
 5043270451200.0
 4888964628480.0
 4978259787776.0
 5205105573888.0
 5455074033664.0
 5624382357504.0
 5631350145024.0
 5425271406592.0
 4994322399232.0
 4369477009408.0
 3619434790912.0
 2834448777216.0
 2102917857280.0
 1489525145600.0
 1023490392064.0
 700165849088.0
 492425838592.0
 364777504768.0
 284360867840.0
 226834153472.0
 178053267456.0
 133014568960.0
 92925853696.0
 61209694208.0
 39913463808.0
 28133804032.0
 22875394048.0
 21081483264.0
 20953563136.0
 21763223552.0
 22913437696.0
 23532060672.0
 22968504320.0
 21405276160.0
 19714369536.0
 18647762944.0
 18280812544.0
 18227619840.0
 14876193792.0
 15196001280.0
 15777314816.0
 16269891584.0
 16431655936.0
 16425758720.0
 16677319680.0
 17390684160.0
 18276505600.0
 18846191616.0
 18970689536.0
 19055910912.0
 19610875904.0
 20665911296.0
 21709111296.0
 22246631424.0
 22369273856.0
 22678212608.0
 23612737536.0
 24933974016.0
 25979176960.0
 26420566016.0
 26678151168.0
 27479033856.0
 29017198592.0
 30680981504.0
 31706513408.0
 32064802816.0
 32556740608.0
 33954603008.0
 36111884288.0
 38086991872.0
 39189258240.0
 39806251008.0
 41025761280.0
 43395592192.0
 46242111488.0
 48367521792.0
 49446141952.0
 50511622144.0
 52889403392.0
 56681312256.0
 60542173184.0
 63123062784.0
 64659542016.0
 66850672640.0
 71010312192.0
 76510330880.0
 81371389952.0
 84512661504.0
 87176052736.0
 91753127936.0
 99111600128.0
 107406041088.0
 113955651584.0
 118357704704.0
 123307950080.0
 131887751168.0
 144071032832.0
 156449259520.0
 165904613376.0
 173433552896.0
 183654547456.0
 199981252608.0
 220513009664.0
 239607971840.0
 254128472064.0
 267766759424.0
 288081543168.0
 318550933504.0
 354066857984.0
 385667792896.0
 410605060096.0
 437022654464.0
 476941090816.0
 533532803072.0
 596252426240.0
 650804789248.0
 695353212928.0
 745805774848.0
 822175137792.0
 927613583360.0
 1042045140992.0
 1140299005952.0
 1219658776576.0
 1308645392384.0
 1443823878144.0
 1633166819328.0
 1842178949120.0
 2021786779648.0
 2157062389760.0
 2290629476352.0
 2492124364800.0
 2794316627968.0
 3153029234688.0
 3474104778752.0
 3692850315264.0
 3839305449472.0
 4026356727808.0
 4360042971136.0
 4841614606336.0
 5346321498112.0
 5706087399424.0
 5837250625536.0
 5812392034304.0
 5814479224832.0
 6002571739136.0
 6388156203008.0
 6814476795904.0
 7054215872512.0
 6955039981568.0
 6532375248896.0
 5952222265344.0
 5425438654464.0
 5089474379776.0
 4949931982848.0
 4904869953536.0
 4820856995840.0
 4607177654272.0
 4249812729856.0
 3799748706304.0
 3335556169728.0
 2925982646272.0
 2608640557056.0
 2387396526080.0
 2242032173056.0
 2141484220416.0
 2054381895680.0
 1954643181568.0
 1823494635520.0
 1650511052800.0
 1435275362304.0
 1188745183232.0
 931946823680.0
 690580881408.0
 487045398528.0
 333677854720.0
 230582583296.0
 168490205184.0
 134143770624.0
 115009241088.0
 101714436096.0
 88628019200.0
 73631989760.0
 57503469568.0
 42685575168.0
 31539728384.0
 24900976640.0
 21845512192.0
 20688750592.0
 20211197952.0
 20077746176.0
 20321806336.0
 20691572736.0
 20618942464.0
 19736229888.0
 18251126784.0
 16728603648.0
 15606862848.0
 14998022144.0
 12488805376.0
 12699194368.0
 13351657472.0
 14163241984.0
 14777563136.0
 15040653312.0
 15149362176.0
 15457305600.0
 16094794752.0
 16823587840.0
 17308639232.0
 17508581376.0
 17745164288.0
 18346084352.0
 19258265600.0
 20083038208.0
 20516667392.0
 20716032000.0
 21149345792.0
 22077300736.0
 23247032320.0
 24156641280.0
 24625803264.0
 25023203328.0
 25864404992.0
 27216293888.0
 28589709312.0
 29485150208.0
 29989179392.0
 30731094016.0
 32192862208.0
 34139160576.0
 35831357440.0
 36850782208.0
 37617332224.0
 38957076480.0
 41187217408.0
 43709235200.0
 45665259520.0
 46940033024.0
 48378880000.0
 50884104192.0
 54359846912.0
 57726730240.0
 60108312576.0
 61903949824.0
 64471101440.0
 68658597888.0
 73790808064.0
 78336974848.0
 81652015104.0
 84861009920.0
 89755197440.0
 96777101312.0
 104367988736.0
 110619410432.0
 115551338496.0
 121415491584.0
 130414198784.0
 142175453184.0
 153910951936.0
 163438788608.0
 171932680192.0
 183142612992.0
 199489781760.0
 219167703040.0
 237764296704.0
 253207805952.0
 268783026176.0
 290424815616.0
 320486277120.0
 354603859968.0
 385818492928.0
 412450357248.0
 441372868608.0
 482132918272.0
 536979636224.0
 597336522752.0
 651842945024.0
 699077230592.0
 751687565312.0
 825733087232.0
 924203810816.0
 1031627997184.0
 1127690141696.0
 1208744935424.0
 1295747383296.0
 1417691660288.0
 1583344648192.0
 1768391180288.0
 1933899071488.0
 2062865530880.0
 2181350293504.0
 2340698718208.0
 2571847598080.0
 2851207380992.0
 3112077885440.0
 3297309884416.0
 3410423709696.0
 3518906236928.0
 3701346140160.0
 3978558439424.0
 4285861724160.0
 4512841465856.0
 4582519865344.0
 4508859498496.0
 4387396386816.0
 4325440487424.0
 4364108038144.0
 4448779763712.0
 4466533203968.0
 4320521355264.0
 3988810366976.0
 3532028903424.0
 3052763873280.0
 2639608152064.0
 2331323662336.0
 2115869081600.0
 1954654715904.0
 1810938462208.0
 1666129199104.0
 1520253403136.0
 1382655983616.0
 1261543882752.0
 1158085738496.0
 1066343858176.0
 977209262080.0
 883226050560.0
 781605142528.0
 674232795136.0
 565441003520.0
 459579457536.0
 360074313728.0
 270032240640.0
 192978157568.0
 132379181056.0
 90037223424.0
 64749862912.0
 52506230784.0
 48128983040.0
 47113580544.0
 46508371968.0
 44755992576.0
 41229471744.0
 36065624064.0
 30159310848.0
 24846127104.0
 21182535680.0
 19336617984.0
 18643722240.0
 18265661440.0
 17826295808.0
 17457774592.0
 17342636032.0
 17327742976.0
 17012772864.0
 16159028224.0
 14920058880.0
 13695860736.0
 12829812736.0
 11141240832.0
 11039799296.0
 11238126592.0
 11696676864.0
 12253975552.0
 12689337344.0
 12908224512.0
 13050143744.0
 13352226816.0
 13892190208.0
 14497929216.0
 14933256192.0
 15169133568.0
 15424649216.0
 15924447232.0
 16638042112.0
 17302712320.0
 17724086272.0
 18012084224.0
 18475395072.0
 19276638208.0
 20228481024.0
 20988672000.0
 21447362560.0
 21871546368.0
 22624032768.0
 23751456768.0
 24918028288.0
 25776838656.0
 26380607488.0
 27150010368.0
 28408854528.0
 29993291776.0
 31407048704.0
 32390098944.0
 33242300416.0
 34543357952.0
 36495687680.0
 38674239488.0
 40471343104.0
 41803956224.0
 43260760064.0
 45481234432.0
 48414752768.0
 51331055616.0
 53636595712.0
 55609126912.0
 58184531968.0
 61944881152.0
 66413297664.0
 70515482624.0
 73801375744.0
 77076873216.0
 81636155392.0
 87833665536.0
 94601420800.0
 100580155392.0
 105738534912.0
 111642476544.0
 119886544896.0
 130281250816.0
 140891521024.0
 150145597440.0
 158834917376.0
 169653796864.0
 184464441344.0
 202117840896.0
 219450507264.0
 234786553856.0
 250307952640.0
 270369652736.0
 297035104256.0
 327509639168.0
 356715593728.0
 382959386624.0
 410783285248.0
 447293947904.0
 494937178112.0
 548160143360.0
 598370287616.0
 643240165376.0
 690894864384.0
 753478598656.0
 835122757632.0
 926214586368.0
 1011189415936.0
 1084038316032.0
 1156701749248.0
 1250370256896.0
 1375630262272.0
 1519634874368.0
 1654246473728.0
 1760445464576.0
 1847695114240.0
 1948919791616.0
 2092395790336.0
 2273665351680.0
 2453163474944.0
 2584596709376.0
 2652092497920.0
 2684644229120.0
 2733839745024.0
 2831218376704.0
 2959285420032.0
 3059993804800.0
 3074746744832.0
 2985291415552.0
 2824901230592.0
 2653040672768.0
 2514064769024.0
 2410309746688.0
 2306507800576.0
 2158507589632.0
 1943815847936.0
 1674211360768.0
 1386248273920.0
 1120400048128.0
 903621509120.0
 743647084544.0
 633771130880.0
 561495146496.0
 515076915200.0
 485878595584.0
 467599097856.0
 454602915840.0
 440921161728.0
 420596219904.0
 389136941056.0
 345197740032.0
 291358670848.0
 233217032192.0
 177174609920.0
 128190152704.0
 88753471488.0
 59285200896.0
 39142948864.0
 27240464384.0
 22034968576.0
 21400559616.0
 22947948544.0
 24718034944.0
 25684981760.0
 25671264256.0
 24847558656.0
 23352303616.0
 21309581312.0
 19041421312.0
 17069987840.0
 15809605632.0
 15258789888.0
 15036186624.0
 14746019840.0
 14298980352.0
 13882020864.0
 13658362880.0
 13543342080.0
 13299028992.0
 12792808448.0
 12128379904.0
 11524777984.0
 9488755712.0
 9320136704.0
 9209610240.0
 9239258112.0
 9458519040.0
 9805440000.0
 10135123968.0
 10354968576.0
 10521437184.0
 10775432192.0
 11180701696.0
 11640665088.0
 12001882112.0
 12228361216.0
 12453318656.0
 12838085632.0
 13388612608.0
 13943422976.0
 14351361024.0
 14648376320.0
 15027177472.0
 15618978816.0
 16339468288.0
 16974768128.0
 17427136512.0
 17843308544.0
 18462552064.0
 19347275776.0
 20296628224.0
 21061707776.0
 21635094528.0
 22280517632.0
 23249717248.0
 24490700800.0
 25699684352.0
 26652409856.0
 27492012032.0
 28583913472.0
 30118617088.0
 31868495872.0
 33428842496.0
 34682839040.0
 35982061568.0
 37789437952.0
 40160751616.0
 42653028352.0
 44803817472.0
 46684155904.0
 48884101120.0
 51891134464.0
 55523024896.0
 59091996672.0
 62185455616.0
 65215635456.0
 69064261632.0
 74138042368.0
 79860686848.0
 85256028160.0
 90080714752.0
 95257583616.0
 102010298368.0
 110534139904.0
 119695114240.0
 128231587840.0
 136285863936.0
 145536204800.0
 157572988928.0
 172135825408.0
 187221770240.0
 201235398656.0
 215033151488.0
 231502610432.0
 252770467840.0
 277807136768.0
 303206498304.0
 326780026880.0
 350424072192.0
 378941603840.0
 415434276864.0
 457751691264.0
 500084768768.0
 538820182016.0
 577050181632.0
 622664417280.0
 680966750208.0
 748674351104.0
 815793897472.0
 874740776960.0
 928466993152.0
 989178888192.0
 1067462361088.0
 1161147973632.0
 1254799572992.0
 1331751813120.0
 1388875874304.0
 1440505921536.0
 1506611560448.0
 1594305282048.0
 1688640815104.0
 1761640054784.0
 1793121320960.0
 1786413449216.0
 1765666193408.0
 1756431253504.0
 1764849876992.0
 1771815305216.0
 1746370297856.0
 1667604545536.0
 1538602696704.0
 1383220248576.0
 1229830619136.0
 1094898941952.0
 977314512896.0
 865034371072.0
 746979131392.0
 621253230592.0
 495535718400.0
 381632741376.0
 289198374912.0
 222353129472.0
 179816595456.0
 156967239680.0
 148030783488.0
 147498041344.0
 150755737600.0
 154154827776.0
 154827866112.0
 150549430272.0
 139952652288.0
 123038515200.0
 101487001600.0
 78290616320.0
 56710053888.0
 39116472320.0
 26441746432.0
 18410711040.0
 14173475840.0
 12777419776.0
 13267007488.0
 14644037632.0
 15976818688.0
 16668601344.0
 16623670272.0
 16107484160.0
 15417873408.0
 14660903936.0
 13804930048.0
 12880327680.0
 12059653120.0
 11524194304.0
 11277821952.0
 11134446592.0
 10897448960.0
 10539341824.0
 10197433344.0
 10001355776.0
 9944560640.0
 9914270720.0
 9822121984.0
 9667213312.0
 6831113728.0
 6839004160.0
 6829352960.0
 6822553600.0
 6874983424.0
 7037098496.0
 7293430784.0
 7558353408.0
 7756930048.0
 7900944896.0
 8076353024.0
 8344718848.0
 8672765952.0
 8966926336.0
 9181341696.0
 9377385472.0
 9657808896.0
 10050501632.0
 10468806656.0
 10805786624.0
 11058881536.0
 11339916288.0
 11757516800.0
 12292282368.0
 12812916736.0
 13223903232.0
 13578756096.0
 14028114944.0
 14651189248.0
 15357307904.0
 15985565696.0
 16491073536.0
 17014647808.0
 17733066752.0
 18665277440.0
 19628838912.0
 20447285248.0
 21149423616.0
 21965031424.0
 23072976896.0
 24400697344.0
 25692086272.0
 26804420608.0
 27892979712.0
 29264525312.0
 31038629888.0
 32990941184.0
 34788364288.0
 36380651520.0
 38107926528.0
 40362971136.0
 43157377024.0
 46083915776.0
 48762941440.0
 51306532864.0
 54268731392.0
 58071076864.0
 62516748288.0
 66970619904.0
 71083122688.0
 75281694720.0
 80425148416.0
 86917636096.0
 94210318336.0
 101344239616.0
 108048498688.0
 115220430848.0
 124141928448.0
 135143858176.0
 147153534976.0
 158778359808.0
 169927049216.0
 182230777856.0
 197588729856.0
 216174084096.0
 236028215296.0
 254964334592.0
 273055727616.0
 293072601088.0
 318041391104.0
 348109045760.0
 379945287680.0
 409728679936.0
 437131378688.0
 466288607232.0
 502264692736.0
 545950040064.0
 592373612544.0
 634589478912.0
 670034558976.0
 703415189504.0
 742849708032.0
 792177803264.0
 846274625536.0
 894098341888.0
 927397642240.0
 947632734208.0
 964768956416.0
 988476997632.0
 1019026735104.0
 1045689335808.0
 1054266687488.0
 1037665370112.0
 1000940503040.0
 956886351872.0
 915979042816.0
 878786576384.0
 836463689728.0
 778316349440.0
 700161851392.0
 607383519232.0
 511317442560.0
 422578094080.0
 346328858624.0
 282059636736.0
 226665136128.0
 177831804928.0
 135447904256.0
 100896276480.0
 75508383744.0
 59467784192.0
 51607085056.0
 49801297920.0
 51543277568.0
 54494453760.0
 56902868992.0
 57780813824.0
 56764874752.0
 53798207488.0
 48939008000.0
 42409918464.0
 34791124992.0
 27048736768.0
 20244455424.0
 15115549696.0
 11833461760.0
 10102393856.0
 9464536064.0
 9526665216.0
 9985806336.0
 10549104640.0
 10926160896.0
 10938378240.0
 10613043200.0
 10137059328.0
 9689952256.0
 9315845120.0
 8950083584.0
 8545338880.0
 8151109120.0
 7859468288.0
 7696221696.0
 7583286272.0
 7417367040.0
 7177104896.0
 6935736320.0
 6784521728.0
 6746055168.0
 6771917824.0
 6807632384.0
 4211120640.0
 4320891904.0
 4457248768.0
 4583669760.0
 4681409024.0
 4769541632.0
 4889211904.0
 5054705664.0
 5236174336.0
 5389007360.0
 5506019840.0
 5627707392.0
 5800493056.0
 6023808512.0
 6247253504.0
 6428655104.0
 6580798976.0
 6761399808.0
 7007482368.0
 7293113856.0
 7557385728.0
 7774059520.0
 7987503104.0
 8266216960.0
 8623872000.0
 8999775232.0
 9324447744.0
 9599809536.0
 9906658304.0
 10314985472.0
 10809139200.0
 11298524160.0
 11724383232.0
 12127153152.0
 12613170176.0
 13230220288.0
 13913715712.0
 14549813248.0
 15114158080.0
 15710374912.0
 16470161408.0
 17403682816.0
 18383314944.0
 19281108992.0
 20121395200.0
 21072660480.0
 22268579840.0
 23656241152.0
 25048154112.0
 26340546560.0
 27655272448.0
 29234952192.0
 31182645248.0
 33334288384.0
 35427106816.0
 37409509376.0
 39542898688.0
 42156548096.0
 45295321088.0
 48656109568.0
 51917889536.0
 55135019008.0
 58759753728.0
 63193632768.0
 68348092416.0
 73703325696.0
 78881611776.0
 84144447488.0
 90243547136.0
 97684709376.0
 106161741824.0
 114813927424.0
 123155898368.0
 131732692992.0
 141736820736.0
 153836273664.0
 167395229696.0
 180998619136.0
 193916010496.0
 207051603968.0
 222284857344.0
 240638525440.0
 261038292992.0
 281060737024.0
 299206508544.0
 316558770176.0
 336021192704.0
 359573880832.0
 385997242368.0
 411397881856.0
 432378707968.0
 449108279296.0
 465353015296.0
 485083447296.0
 508490645504.0
 531007340544.0
 546452897792.0
 551823212544.0
 549624381440.0
 545680392192.0
 544130334720.0
 543773097984.0
 538739081216.0
 522895425536.0
 494385954816.0
 456802828288.0
 416382517248.0
 377735643136.0
 341424603136.0
 304892837888.0
 265461891072.0
 222868176896.0
 179604258816.0
 139320573952.0
 104845279232.0
 77213696000.0
 56001732608.0
 40232099840.0
 29053394944.0
 21864734720.0
 18123202560.0
 17170653184.0
 18202247168.0
 20323375104.0
 22633572352.0
 24356298752.0
 24994846720.0
 24442544128.0
 22920108032.0
 20796635136.0
 18370048000.0
 15819368448.0
 13281249280.0
 10943755264.0
 9042593792.0
 7738617344.0
 7017047040.0
 6713410048.0
 6631204864.0
 6647260672.0
 6712562176.0
 6785608704.0
 6795687936.0
 6678085120.0
 6435947008.0
 6146397696.0
 5894918144.0
 5706759680.0
 5541536768.0
 5355291136.0
 5151629824.0
 4975351808.0
 4856169984.0
 4771531264.0
 4670938112.0
 4526208512.0
 4362084864.0
 4228622080.0
 4157236224.0
 4153164800.0
 2559684352.0
 2628191744.0
 2726909952.0
 2841155328.0
 2950260992.0
 3036595712.0
 3103649024.0
 3173424128.0
 3267805184.0
 3383951616.0
 3498481408.0
 3593273344.0
 3677658112.0
 3780004096.0
 3913135360.0
 4062071040.0
 4197060608.0
 4309649408.0
 4423724032.0
 4571508224.0
 4756708352.0
 4948868096.0
 5116668416.0
 5265179648.0
 5431655424.0
 5645004800.0
 5893630976.0
 6134674944.0
 6347319296.0
 6555070464.0
 6808440320.0
 7123214336.0
 7465486336.0
 7783346688.0
 8069744128.0
 8374527488.0
 8754656256.0
 9208720384.0
 9677592576.0
 10110152704.0
 10527648768.0
 11006008320.0
 11596533760.0
 12264465408.0
 12923787264.0
 13537559552.0
 14169459712.0
 14926530560.0
 15842800640.0
 16839251968.0
 17807437824.0
 18740209664.0
 19756478464.0
 20985341952.0
 22423758848.0
 23933884416.0
 25396326400.0
 26862247936.0
 28528762880.0
 30544728064.0
 32843657216.0
 35201966080.0
 37496258560.0
 39866671104.0
 42617962496.0
 45910265856.0
 49579057152.0
 53292191744.0
 56927612928.0
 60762017792.0
 65246314496.0
 70548299776.0
 76345991168.0
 82127757312.0
 87752482816.0
 93681295360.0
 100589780992.0
 108685729792.0
 117425127424.0
 125980475392.0
 134076448768.0
 142354759680.0
 151823941632.0
 162835103744.0
 174593703936.0
 185755926528.0
 195635970048.0
 204893929472.0
 214946250752.0
 226550841344.0
 238858190848.0
 249885999104.0
 258110947328.0
 263733460992.0
 268439928832.0
 273774411776.0
 279523688448.0
 283602321408.0
 283574370304.0
 278567616512.0
 269909786624.0
 259968991232.0
 250185580544.0
 239950757888.0
 227222290432.0
 210285412352.0
 189215817728.0
 165920587776.0
 142904016896.0
 121823690752.0
 102912737280.0
 85491548160.0
 68940513280.0
 53321269248.0
 39307018240.0
 27654045696.0
 18764263424.0
 12568010752.0
 8695519232.0
 6692958208.0
 6101132288.0
 6487644160.0
 7450241024.0
 8649633792.0
 9822233600.0
 10752675840.0
 11271151616.0
 11266462720.0
 10741958656.0
 9838980096.0
 8767865856.0
 7717851648.0
 6783054848.0
 5977542144.0
 5302987776.0
 4783340032.0
 4444890624.0
 4274074880.0
 4206334720.0
 4164468224.0
 4107822592.0
 4040417536.0
 3978810880.0
 3917392640.0
 3829645568.0
 3701185792.0
 3550123264.0
 3413524480.0
 3311243008.0
 3231018240.0
 3144610048.0
 3041505280.0
 2938489344.0
 2857862144.0
 2802420224.0
 2750210048.0
 2683483136.0
 2608962048.0
 2550718976.0
 2531732480.0
 1568856960.0
 1600875776.0
 1634815104.0
 1674706816.0
 1725294720.0
 1783521920.0
 1839538816.0
 1886237696.0
 1930119680.0
 1983517312.0
 2051284864.0
 2124406144.0
 2189143552.0
 2245259264.0
 2303415296.0
 2378093312.0
 2468570880.0
 2560134400.0
 2640353536.0
 2714433792.0
 2799018496.0
 2905401600.0
 3024549888.0
 3138235904.0
 3239339776.0
 3340976128.0
 3465441536.0
 3616031744.0
 3776147712.0
 3922849536.0
 4058988032.0
 4206695936.0
 4389286400.0
 4602147840.0
 4816763904.0
 5014868480.0
 5209937920.0
 5436281856.0
 5710144000.0
 6011820032.0
 6306108416.0
 6583207424.0
 6875880960.0
 7226576384.0
 7640581632.0
 8078691840.0
 8499650048.0
 8912017408.0
 9369385984.0
 9918937088.0
 10546399232.0
 11192505344.0
 11818017792.0
 12458419200.0
 13195486208.0
 14072413184.0
 15044062208.0
 16022170624.0
 16978533376.0
 17994614784.0
 19187654656.0
 20587223040.0
 22103070720.0
 23611287552.0
 25107720192.0
 26734340096.0
 28652007424.0
 30867544064.0
 33215967232.0
 35526791168.0
 37827485696.0
 40353988608.0
 43332743168.0
 46734589952.0
 50274619392.0
 53686136832.0
 57018650624.0
 60638457856.0
 64888250368.0
 69713829888.0
 74649903104.0
 79229517824.0
 83450339328.0
 87817568256.0
 92881584128.0
 98654273536.0
 104475983872.0
 109522034688.0
 113515184128.0
 116986593280.0
 120787828736.0
 125251813376.0
 129763098624.0
 133145083904.0
 134566035456.0
 134196609024.0
 132999217152.0
 131876519936.0
 130853634048.0
 129037975552.0
 125329932288.0
 119298981888.0
 111483322368.0
 102936510464.0
 94446641152.0
 86093750272.0
 77439426560.0
 68107534336.0
 58215636992.0
 48369287168.0
 39268835328.0
 31330598912.0
 24584724480.0
 18849337344.0
 13989464064.0
 9995057152.0
 6929755136.0
 4804273152.0
 3537558016.0
 2971856896.0
 2926640896.0
 3228750080.0
 3708373760.0
 4216801280.0
 4648864256.0
 4947624448.0
 5111071232.0
 5129827840.0
 5001213440.0
 4723889152.0
 4335367680.0
 3909333248.0
 3520811520.0
 3201955584.0
 2954440448.0
 2757165056.0
 2599914240.0
 2487879424.0
 2421562624.0
 2383966464.0
 2348128768.0
 2295921152.0
 2231006976.0
 2169169920.0
 2117255424.0
 2067355776.0
 2006887296.0
 1934882048.0
 1864185728.0
 1808019840.0
 1765757440.0
 1725116160.0
 1676447488.0
 1622590080.0
 1576387712.0
 1545047936.0
 1528456448.0
 1523033984.0
 1526696064.0
 1541915136.0
 853189760.0
 883319936.0
 911054592.0
 934539776.0
 955735360.0
 980523648.0
 1011778368.0
 1045620992.0
 1077131392.0
 1104897536.0
 1132989952.0
 1167090304.0
 1206458624.0
 1248458624.0
 1286707712.0
 1322749568.0
 1362747776.0
 1410444288.0
 1463346688.0
 1515804160.0
 1563337088.0
 1611386880.0
 1667066752.0
 1733263104.0
 1804657408.0
 1872184192.0
 1936135424.0
 2003556352.0
 2083572480.0
 2174076160.0
 2268094208.0
 2357243904.0
 2445669888.0
 2546107904.0
 2663792128.0
 2793700352.0
 2921952000.0
 3045334016.0
 3172906752.0
 3320464128.0
 3492355328.0
 3676536832.0
 3859041024.0
 4040325888.0
 4236682752.0
 4463688704.0
 4718925312.0
 4985419264.0
 5248179200.0
 5517969920.0
 5819877888.0
 6172456960.0
 6562669056.0
 6962787840.0
 7361645568.0
 7780677632.0
 8256637952.0
 8802677760.0
 9394278400.0
 9998370816.0
 10610983936.0
 11269979136.0
 12024822784.0
 12877656064.0
 13785648128.0
 14702567424.0
 15635627008.0
 16649457664.0
 17806921728.0
 19101677568.0
 20460539904.0
 21818816512.0
 23196186624.0
 24687001600.0
 26369787904.0
 28219076608.0
 30118625280.0
 31972288512.0
 33808683008.0
 35760648192.0
 37930446848.0
 40267145216.0
 42587684864.0
 44729368576.0
 46704717824.0
 48688521216.0
 50832760832.0
 53082714112.0
 55171604480.0
 56826003456.0
 57993412608.0
 58877882368.0
 59733639168.0
 60590817280.0
 61162881024.0
 61054861312.0
 60065972224.0
 58369540096.0
 56354414592.0
 54309994496.0
 52184006656.0
 49643872256.0
 46367064064.0
 42328113152.0
 37840351232.0
 33354932224.0
 29183344640.0
 25372819456.0
 21785690112.0
 18298372096.0
 14922921984.0
 11801686016.0
 9092750336.0
 6873487360.0
 5131167744.0
 3802824704.0
 2832189952.0
 2179071488.0
 1802607232.0
 1652557440.0
 1663945088.0
 1781171584.0
 1950647424.0
 2134190464.0
 2288259584.0
 2382040576.0
 2408835328.0
 2374002176.0
 2298977280.0
 2199837184.0
 2077921792.0
 1937250176.0
 1788540032.0
 1654567040.0
 1546718720.0
 1467339648.0
 1405042176.0
 1350783104.0
 1303390208.0
 1265375360.0
 1237743360.0
 1213251456.0
 1183819264.0
 1147981440.0
 1110646912.0
 1078132352.0
 1051047232.0
 1024048576.0
 993422528.0
 960264832.0
 930108480.0
 906044992.0
 885967360.0
 864768512.0
 840918912.0
 817103360.0
 800504576.0
 796924992.0
 805803328.0
 825266048.0
 419623456.0
 440268256.0
 462171008.0
 483086624.0
 499818848.0
 513248224.0
 526271328.0
 541238656.0
 559005760.0
 577558528.0
 594303872.0
 610116352.0
 626173504.0
 647252032.0
 671061632.0
 694424512.0
 715795456.0
 736027456.0
 758903616.0
 787664640.0
 818382912.0
 848161856.0
 875386880.0
 903649472.0
 937595392.0
 976383488.0
 1016723200.0
 1054599360.0
 1091413120.0
 1131308160.0
 1180098304.0
 1235028608.0
 1289120256.0
 1340856832.0
 1392651008.0
 1453140352.0
 1522712192.0
 1598436992.0
 1672386432.0
 1744263552.0
 1821742848.0
 1912462464.0
 2016655360.0
 2125749120.0
 2231540736.0
 2336165376.0
 2452151296.0
 2589947392.0
 2743746816.0
 2901419008.0
 3054545920.0
 3214913280.0
 3397441024.0
 3609401088.0
 3840394752.0
 4072141824.0
 4301319680.0
 4545532416.0
 4828042752.0
 5154978816.0
 5504355328.0
 5850817024.0
 6197346816.0
 6570864640.0
 7004047360.0
 7497288192.0
 8014162432.0
 8521669120.0
 9027208192.0
 9578066944.0
 10216061952.0
 10932409344.0
 11669616640.0
 12376199168.0
 13062371328.0
 13797632000.0
 14644781056.0
 15589499904.0
 16544561152.0
 17423339520.0
 18223640576.0
 19033131008.0
 19948167168.0
 20966864896.0
 21974089728.0
 22829842432.0
 23486896128.0
 24030617600.0
 24594184192.0
 25225615360.0
 25827823616.0
 26221203456.0
 26289864704.0
 26065874944.0
 25685479424.0
 25269657600.0
 24806449152.0
 24180459520.0
 23265087488.0
 22042417152.0
 20603043840.0
 19076587520.0
 17534390272.0
 15962552320.0
 14319038464.0
 12604518400.0
 10889664512.0
 9272273920.0
 7817326592.0
 6531520512.0
 5381361664.0
 4344410624.0
 3429040128.0
 2662714112.0
 2062514944.0
 1620403712.0
 1310926208.0
 1104942592.0
 981017536.0
 927763264.0
 926423552.0
 956567488.0
 999438848.0
 1043649920.0
 1087861120.0
 1114655616.0
 1122694016.0
 1103937792.0
 1063745920.0
 1015515648.0
 961926400.0
 911016640.0
 864126080.0
 814556096.0
 768335360.0
 730153024.0
 701683776.0
 679243328.0
 659649728.0
 637795392.0
 617448256.0
 599822400.0
 585462144.0
 571792768.0
 555464768.0
 537200512.0
 520029952.0
 505644864.0
 493927456.0
 481344576.0
 467008544.0
 452062176.0
 439126720.0
 429244896.0
 420638720.0
 410918464.0
 400735072.0
 394359584.0
 394435456.0
 402600768.0
 207393920.0
 216994448.0
 226019312.0
 235241744.0
 243537216.0
 251512784.0
 259019344.0
 265930592.0
 273148000.0
 281429088.0
 290491232.0
 300239584.0
 308425824.0
 317610944.0
 327517632.0
 338582176.0
 351047296.0
 363059072.0
 374037280.0
 386534464.0
 399930464.0
 415131936.0
 430765184.0
 446121056.0
 461660096.0
 477940960.0
 496623936.0
 517593856.0
 539130240.0
 559060096.0
 580294272.0
 604538944.0
 630619200.0
 659358016.0
 687755328.0
 717553856.0
 747388992.0
 781764096.0
 820058880.0
 860269120.0
 900822144.0
 941783360.0
 986748032.0
 1038322432.0
 1094677504.0
 1151864576.0
 1209350016.0
 1270763008.0
 1338728192.0
 1415276032.0
 1496156928.0
 1581017856.0
 1666943872.0
 1758699648.0
 1862057728.0
 1976777344.0
 2098080512.0
 2221419520.0
 2348699136.0
 2488125184.0
 2644214272.0
 2814595584.0
 2993684992.0
 3173664256.0
 3360253184.0
 3565859840.0
 3794461696.0
 4041003520.0
 4292998144.0
 4545035264.0
 4805832704.0
 5091069440.0
 5405833216.0
 5737793024.0
 6066466816.0
 6384464384.0
 6706522624.0
 7053659648.0
 7432552448.0
 7821178880.0
 8185501696.0
 8509046784.0
 8811448320.0
 9126829056.0
 9467832320.0
 9805193216.0
 10083731456.0
 10268195840.0
 10373532672.0
 10450902016.0
 10540579840.0
 10625149952.0
 10638882816.0
 10514957312.0
 10241233920.0
 9874566144.0
 9486965760.0
 9120047104.0
 8743917568.0
 8292931584.0
 7721871360.0
 7043633152.0
 6322020352.0
 5630552064.0
 5004898304.0
 4436517376.0
 3895601152.0
 3362387968.0
 2845587456.0
 2367973376.0
 1949307648.0
 1597628416.0
 1306237056.0
 1067095296.0
 878863104.0
 735512000.0
 631012992.0
 559337408.0
 512111936.0
 484982400.0
 473594688.0
 475604288.0
 484982400.0
 493020736.0
 501059200.0
 498379712.0
 498379712.0
 487661824.0
 479623488.0
 456848064.0
 436752096.0
 413976672.0
 393880736.0
 375794368.0
 359047744.0
 343305920.0
 329573664.0
 317181152.0
 307970528.0
 299597216.0
 290805216.0
 281678304.0
 272823520.0
 265413152.0
 258735424.0
 251979200.0
 244717984.0
 236888928.0
 230229520.0
 224118320.0
 218787520.0
 213112640.0
 206810416.0
 201095616.0
 196228640.0
 192608480.0
 190188064.0
 189948640.0
 192335040.0
 197458464.0
 96176680.0
 101414584.0
 105701976.0
 109817336.0
 112752568.0
 115916112.0
 119614112.0
 123694784.0
 127617824.0
 131015552.0
 134250400.0
 138520144.0
 142690448.0
 148064416.0
 152954288.0
 157255424.0
 162336336.0
 168157088.0
 173922912.0
 180828272.0
 186764176.0
 192489424.0
 198927712.0
 206909840.0
 215798640.0
 223961312.0
 231586256.0
 240076032.0
 250020640.0
 260041152.0
 271444544.0
 283347744.0
 293438880.0
 305363008.0
 318671360.0
 335416672.0
 350295008.0
 365267552.0
 380619488.0
 397894688.0
 418278464.0
 439737728.0
 461482176.0
 483681920.0
 506810624.0
 532241920.0
 561247616.0
 592862080.0
 624110272.0
 655345344.0
 688009088.0
 727923648.0
 771627136.0
 816769792.0
 861943808.0
 907834816.0
 958080000.0
 1015614976.0
 1079503488.0
 1145375232.0
 1210268416.0
 1276166400.0
 1351003008.0
 1435133824.0
 1526026112.0
 1618718720.0
 1708501632.0
 1800451072.0
 1902239232.0
 2017330432.0
 2141192704.0
 2264322304.0
 2380575232.0
 2495457280.0
 2619277568.0
 2758462976.0
 2907193856.0
 3049979904.0
 3177421824.0
 3293287424.0
 3411246592.0
 3540530688.0
 3676932096.0
 3802113024.0
 3899578368.0
 3966564864.0
 4016428032.0
 4063820800.0
 4111046656.0
 4143785984.0
 4143953408.0
 4101416960.0
 4021367808.0
 3917874176.0
 3800312832.0
 3670525952.0
 3517797376.0
 3338440704.0
 3132791808.0
 2908889600.0
 2673766912.0
 2432950272.0
 2190793984.0
 1951652352.0
 1723563008.0
 1513225472.0
 1322313984.0
 1146139392.0
 983362048.0
 834317056.0
 703693312.0
 595175232.0
 512446848.0
 446800064.0
 392540992.0
 346990176.0
 306128384.0
 271965280.0
 246845328.0
 231438416.0
 221725376.0
 218376048.0
 217036320.0
 219715776.0
 222395232.0
 221055488.0
 217036320.0
 208997920.0
 203639040.0
 195600640.0
 188901984.0
 180863600.0
 172825216.0
 164116976.0
 157083392.0
 152059392.0
 146867936.0
 141341552.0
 136819968.0
 132130912.0
 128530384.0
 125139200.0
 121538656.0
 117823008.0
 114170144.0
 110956880.0
 108588800.0
 105911968.0
 103250824.0
 99756928.0
 96807296.0
 94483696.0
 92118240.0
 90116496.0
 87681688.0
 85426128.0
 84276760.0
 84429832.0
 86721376.0
 89701752.0
 40381620.0
 43032952.0
 45259728.0
 47734436.0
 49353496.0
 50825368.0
 52145472.0
 53930688.0
 55902344.0
 57618872.0
 59126064.0
 60926336.0
 62436800.0
 64988704.0
 67478448.0
 69601872.0
 71866592.0
 74262144.0
 76174920.0
 79516400.0
 82564808.0
 85161848.0
 87728792.0
 91029704.0
 94987408.0
 98701760.0
 102280040.0
 106348952.0
 110699136.0
 114201552.0
 119127408.0
 125321056.0
 129520800.0
 134765888.0
 139515120.0
 147208112.0
 153383424.0
 160492896.0
 167631152.0
 174792944.0
 183174112.0
 191913760.0
 201836144.0
 212661248.0
 222866240.0
 232820032.0
 244270528.0
 257984448.0
 272522624.0
 286869760.0
 300227808.0
 316595040.0
 334063872.0
 353186432.0
 373847584.0
 394377888.0
 414547136.0
 436621248.0
 462421504.0
 490676224.0
 519815424.0
 547368832.0
 576691136.0
 608310848.0
 643876480.0
 683136896.0
 721643648.0
 758978176.0
 796354560.0
 836975616.0
 883803392.0
 934420096.0
 982461952.0
 1025752064.0
 1066320640.0
 1111055104.0
 1163597696.0
 1219112832.0
 1269457280.0
 1308539776.0
 1340065280.0
 1372218880.0
 1411992064.0
 1455993856.0
 1492417792.0
 1510001664.0
 1509206272.0
 1501167872.0
 1498404608.0
 1502005248.0
 1502758912.0
 1484588544.0
 1439791360.0
 1375735552.0
 1308749056.0
 1250973184.0
 1199896064.0
 1144799744.0
 1074128768.0
 984534272.0
 886231552.0
 792115584.0
 712401664.0
 646084992.0
 586132096.0
 524504448.0
 461537152.0
 399909504.0
 341966144.0
 294070848.0
 255218624.0
 226414432.0
 205313696.0
 186222528.0
 172155360.0
 154738864.0
 138662096.0
 121245600.0
 108518160.0
 100479776.0
 95455792.0
 94116056.0
 92441392.0
 91436600.0
 91101664.0
 90431800.0
 89761936.0
 86412608.0
 81723552.0
 81053688.0
 77034496.0
 74020104.0
 71340640.0
 68326248.0
 65479328.0
 63134792.0
 61208928.0
 58948136.0
 57482808.0
 55598816.0
 53735744.0
 52102952.0
 50637624.0
 49297888.0
 47900596.0
 46197148.0
 45087684.0
 43946820.0
 43165748.0
 41640232.0
 40307044.0
 39331028.0
 37962516.0
 37248168.0
 36455320.0
 35540796.0
 35311184.0
 34624312.0
 35768448.0
 36691472.0
 17182958.0
 18232238.0
 18985184.0
 19780648.0
 20520508.0
 21194954.0
 21595956.0
 22486276.0
 23237258.0
 23712180.0
 24333636.0
 25242928.0
 25917372.0
 27047116.0
 28105552.0
 29021384.0
 30166176.0
 31494128.0
 32133904.0
 33611008.0
 34747948.0
 35617988.0
 36651568.0
 38315764.0
 40109488.0
 41373332.0
 42566532.0
 44587900.0
 46942896.0
 48329728.0
 50169240.0
 53056728.0
 53921528.0
 56607536.0
 58465360.0
 62642864.0
 64456208.0
 67151368.0
 70189312.0
 73436584.0
 77468864.0
 80739688.0
 84491984.0
 88861800.0
 93087712.0
 97515104.0
 102625440.0
 108143968.0
 113495040.0
 118780704.0
 124228592.0
 132146608.0
 139614560.0
 146407408.0
 154006192.0
 162144016.0
 170632464.0
 180293168.0
 190890656.0
 200860128.0
 211211616.0
 221359040.0
 233981824.0
 247797792.0
 261624224.0
 275241312.0
 287508224.0
 301544000.0
 317557952.0
 334220864.0
 351490816.0
 368007168.0
 382723328.0
 397774336.0
 414123200.0
 432314240.0
 451133312.0
 467314688.0
 480418944.0
 491513600.0
 503613056.0
 517261568.0
 530533248.0
 540874304.0
 546275072.0
 546358784.0
 544265472.0
 543260672.0
 542674560.0
 538655360.0
 529947136.0
 515210048.0
 495365312.0
 473929600.0
 453163776.0
 431895552.0
 409287616.0
 381320768.0
 350004608.0
 316008896.0
 283687872.0
 254548736.0
 230768576.0
 210002752.0
 189906784.0
 169475904.0
 148375136.0
 129953856.0
 114212016.0
 104498976.0
 99474992.0
 96460584.0
 93446192.0
 88087272.0
 80383824.0
 69665976.0
 58948136.0
 49904960.0
 43206304.0
 38852180.0
 36842584.0
 36675120.0
 36507652.0
 36842584.0
 37512452.0
 36005252.0
 36172720.0
 32488464.0
 30478864.0
 30813800.0
 31148732.0
 29139136.0
 28301804.0
 26292208.0
 25538612.0
 24952480.0
 24198880.0
 22733552.0
 22524216.0
 21665952.0
 21268220.0
 20556488.0
 19865690.0
 19347590.0
 19028358.0
 18232894.0
 17908428.0
 17479294.0
 17266036.0
 16432630.0
 15950512.0
 15993686.0
 15247284.0
 14931976.0
 14593118.0
 14255568.0
 14722642.0
 13808120.0
 14902538.0
 15168784.0
 6675756.0
 7081338.5
 7572616.5
 7542525.0
 8224165.0
 8469477.0
 8350419.0
 8988884.0
 9337554.0
 9332321.0
 9581558.0
 10041436.0
 10320111.0
 10751205.0
 11384437.0
 11772358.0
 12174016.0
 12610998.0
 12665948.0
 13382912.0
 13796344.0
 13929794.0
 14029228.0
 14731800.0
 15476240.0
 15897524.0
 16300488.0
 17266036.0
 18289152.0
 18943316.0
 19479732.0
 21277378.0
 20700404.0
 21996960.0
 22321428.0
 24858276.0
 25059760.0
 26378560.0
 27702588.0
 28780656.0
 30502416.0
 31588328.0
 33307476.0
 35162688.0
 36491952.0
 38012232.0
 40259944.0
 42688204.0
 44891432.0
 46532080.0
 48243376.0
 51762784.0
 54965584.0
 57257776.0
 60298336.0
 63281328.0
 65903216.0
 69414784.0
 73873568.0
 77803792.0
 81519456.0
 84669920.0
 88799008.0
 94157920.0
 99966912.0
 105587504.0
 108874016.0
 113343280.0
 118838272.0
 124657728.0
 131481984.0
 137950368.0
 142388224.0
 146323680.0
 150845264.0
 156978720.0
 164535648.0
 170417888.0
 174144000.0
 175630272.0
 178142272.0
 182538272.0
 187771584.0
 191958240.0
 193172352.0
 190576640.0
 187059840.0
 185971328.0
 187059840.0
 186641184.0
 183961728.0
 177179328.0
 168052416.0
 159176736.0
 154068992.0
 149045024.0
 143016224.0
 132465840.0
 118901072.0
 103829104.0
 92273920.0
 84570480.0
 79379024.0
 75359824.0
 69665976.0
 61627600.0
 52919344.0
 45885768.0
 40861776.0
 38852180.0
 40526844.0
 42536440.0
 42536440.0
 40359376.0
 38349780.0
 31483664.0
 25119944.0
 19593556.0
 15741832.0
 14402102.0
 13564770.0
 13732236.0
 13899704.0
 14402102.0
 13732236.0
 14067168.0
 12811172.0
 11555174.0
 10215444.0
 11806374.0
 11052776.0
 10299176.0
 10382910.0
 9587445.0
 9022247.0
 8854780.0
 9053647.0
 8184916.0
 8415181.0
 8012216.0
 8080249.0
 7755783.0
 7504584.0
 7402534.0
 7564766.0
 7084610.0
 6956393.0
 6945926.0
 7035547.0
 6448106.0
 6108595.0
 6414744.0
 5890103.0
 5748804.0
 5571525.0
 5465551.0
 6013741.0
 4581119.0
 5653296.0
 5564983.0
 2434803.0
 2408636.25
 2894027.0
 2288924.0
 3189055.5
 3285872.0
 2971218.5
 3533800.5
 3724817.0
 3603796.0
 3925645.5
 4415615.0
 4635415.0
 4650460.5
 5221547.0
 5453121.5
 5667033.5
 5693854.0
 5469475.5
 5746187.5
 5801137.0
 5750112.5
 5619279.0
 6015703.0
 6219803.0
 6249895.0
 6485394.0
 7028351.0
 7267776.0
 7690366.0
 7333192.0
 8583956.0
 7496734.0
 8275190.0
 8099874.0
 9778462.0
 9083738.0
 9898828.0
 10754476.0
 11047542.0
 11769740.0
 11895340.0
 12779772.0
 13734852.0
 14148284.0
 14731800.0
 15718282.0
 16503280.0
 17358928.0
 17617978.0
 18222426.0
 20051472.0
 21367652.0
 21608388.0
 22880084.0
 24293080.0
 25088544.0
 26245108.0
 27914536.0
 29196704.0
 30363732.0
 31724396.0
 33158328.0
 35303988.0
 37669452.0
 40118644.0
 40411712.0
 42473640.0
 45174032.0
 47277824.0
 49664224.0
 52249488.0
 54049744.0
 55808144.0
 57985200.0
 60287872.0
 63176656.0
 65186256.0
 66986520.0
 68054120.0
 69959048.0
 71968640.0
 73224640.0
 74522504.0
 75192368.0
 74983032.0
 74606232.0
 75276104.0
 75778496.0
 74355032.0
 72764104.0
 70921976.0
 68912384.0
 67656384.0
 66484120.0
 63469728.0
 59450536.0
 51914552.0
 45215904.0
 39354580.0
 35000456.0
 32655928.0
 31483664.0
 29809000.0
 27966872.0
 24450080.0
 22105552.0
 22105552.0
 21938084.0
 22942882.0
 26124742.0
 26627142.0
 26459674.0
 22775416.0
 19928490.0
 15909298.0
 11387708.0
 7535984.0
 5777587.0
 4856522.0
 5275188.5
 4354124.0
 4563457.0
 4814656.0
 5651987.5
 6573052.0
 5358921.5
 3391192.5
 2763194.0
 5044922.0
 4479723.5
 4982122.5
 4333190.5
 3527259.0
 3181860.0
 3836025.0
 3679025.0
 3037943.5
 3365026.0
 3030093.5
 3276059.5
 2964677.0
 2920193.5
 2972526.5
 3410817.5
 3087659.75
 2911035.25
 2965985.0
 3032055.75
 2538161.0
 2197341.0
 2515919.5
 1984737.25
 1793721.0
 1588313.0
 1726996.0
 2438728.0
 781727.5
 2101178.75
 1755125.25
