#Intensity [ph/s/.1%bw/mm^2] (C-aligned, inner loop is vs Photon Energy, outer loop vs Vertical Position)
#0.123984 #Initial Photon Energy [eV]
#0.123984 #Final Photon Energy [eV]
#1 #Number of points vs Photon Energy
#-0.007922986998175181 #Initial Horizontal Position [m]
#0.0015488546011470285 #Final Horizontal Position [m]
#160 #Number of points vs Horizontal Position
#-0.005011933174224345 #Initial Vertical Position [m]
#0.00477326968973747 #Final Vertical Position [m]
#42 #Number of points vs Vertical Position
#1 #Number of components
 1037054.125
 1279022.25
 1306491.75
 1131645.0
 1004561.75
 1077814.0
 1310230.75
 1521296.75
 1500311.875
 1274513.25
 1166794.5
 1375895.75
 1695790.25
 1815604.125
 1672827.625
 1455150.5
 1446222.75
 1770550.75
 2156889.5
 2195469.5
 1899736.25
 1701394.125
 1888112.5
 2328308.75
 2662893.0
 2600448.5
 2234161.75
 2084972.375
 2503074.0
 3133934.5
 3354107.75
 3054438.25
 2684205.75
 2745150.25
 3369986.0
 4113879.75
 4265902.0
 3727612.75
 3299802.25
 3705532.5
 4689350.5
 5397281.0
 5300600.0
 4647011.0
 4322822.0
 5069149.0
 6487150.0
 7260281.5
 6743212.5
 5811545.5
 5818239.5
 7149654.0
 8901795.0
 9654413.0
 8829598.0
 7596056.5
 7868219.0
 10043756.0
 12369593.0
 12889438.0
 11525298.0
 10130016.0
 10792076.0
 13778893.0
 16877776.0
 17412540.0
 15296593.0
 13403712.0
 14540119.0
 18527024.0
 22376910.0
 23060648.0
 20451208.0
 17849658.0
 18952660.0
 23853162.0
 28673436.0
 29547828.0
 26522584.0
 23438192.0
 24301194.0
 29444308.0
 34852040.0
 35862728.0
 32092226.0
 28169586.0
 29067860.0
 35003216.0
 41075968.0
 41672884.0
 35638400.0
 27868346.0
 25455484.0
 31206396.0
 40608916.0
 45479584.0
 40816048.0
 28601632.0
 15908961.0
 9518483.0
 11297178.0
 17534396.0
 22384716.0
 22299028.0
 17841940.0
 12185318.0
 8416886.0
 7933046.0
 10420054.0
 14566013.0
 18661458.0
 20972730.0
 20261314.0
 16460078.0
 10884026.0
 5552301.5
 2027977.0
 655877.0625
 708499.375
 1186404.875
 1555801.25
 1850080.375
 2217242.0
 2532025.0
 2505941.0
 2076606.0
 1545329.5
 1293454.75
 1407310.0
 1621515.5
 1619297.125
 1364058.125
 1114738.75
 1116826.25
 1320058.125
 1449055.625
 1327088.25
 1064187.25
 913359.375
 991355.0625
 1167166.875
 1211687.5
 1048598.375
 839218.75
 792780.625
 921753.875
 1041412.875
 996046.125
 822499.5
 689402.5
 715420.875
 846596.0
 909594.125
 808901.75
 644696.5
 587944.3125
 674069.125
 780675.5
 780043.9375
 663732.0
 2808490.0
 3124263.25
 3165292.5
 2999590.25
 2954612.25
 3122192.0
 3406227.25
 3668180.75
 3703900.75
 3521134.5
 3492882.75
 3825792.75
 4226912.5
 4377752.5
 4297284.0
 4177849.75
 4272265.0
 4725886.5
 5233798.5
 5321007.5
 5076712.5
 5034991.5
 5408777.0
 5976193.5
 6428689.0
 6493570.5
 6226937.0
 6234450.5
 6923098.5
 7774784.5
 8072820.5
 7881475.5
 7750846.5
 8073661.5
 8959204.0
 9999029.0
 10360579.0
 9926151.0
 9754648.0
 10644310.0
 12058772.0
 13023740.0
 13184331.0
 12849512.0
 12888129.0
 14174224.0
 16262488.0
 17485766.0
 17162532.0
 16594211.0
 17317528.0
 19469900.0
 21976056.0
 23371568.0
 22971836.0
 22124896.0
 23237856.0
 26723092.0
 30203724.0
 31376634.0
 30472094.0
 29742850.0
 31502396.0
 36096332.0
 40897896.0
 42464352.0
 40633168.0
 39192340.0
 41713240.0
 47817228.0
 53756316.0
 55769192.0
 53434844.0
 50717064.0
 52648384.0
 59852672.0
 67384472.0
 69830784.0
 66701720.0
 62601736.0
 62997584.0
 69363320.0
 77333960.0
 80340544.0
 76291168.0
 70055552.0
 68477680.0
 73520696.0
 80560784.0
 82586784.0
 76332392.0
 65678920.0
 58956456.0
 61410600.0
 69857400.0
 75223176.0
 70327840.0
 55470724.0
 37817216.0
 26088684.0
 24563072.0
 30449176.0
 36578944.0
 37065076.0
 31050792.0
 22098680.0
 14964571.0
 12751032.0
 15832549.0
 22266128.0
 28954692.0
 32913182.0
 32331534.0
 27252152.0
 19519052.0
 11803214.0
 6211733.0
 3440041.75
 2912999.25
 3534041.5
 4415477.5
 5182903.5
 5783975.0
 6116857.5
 5980787.5
 5380995.5
 4659529.5
 4197139.5
 4080371.75
 4116677.5
 4061168.0
 3828508.0
 3568489.5
 3497421.25
 3602646.75
 3634863.75
 3439314.5
 3136755.25
 2932431.75
 2900837.75
 2964876.75
 2964980.5
 2799910.75
 2574831.25
 2493589.0
 2571084.5
 2618303.0
 2516891.5
 2330909.75
 2177564.5
 2135827.5
 2200340.75
 2238312.5
 2126045.5
 1946029.625
 1877101.625
 1929002.625
 1969408.25
 1926871.625
 1815141.75
 6687548.0
 7675143.5
 8443832.0
 8402349.0
 7922562.5
 7655491.0
 8150657.5
 9327696.0
 10139631.0
 9809405.0
 9066813.0
 9143723.0
 10206058.0
 11450429.0
 11959521.0
 11413812.0
 10717699.0
 11266268.0
 12992901.0
 14291433.0
 14195166.0
 13383197.0
 13136886.0
 14281014.0
 16435768.0
 17833624.0
 17248782.0
 16040636.0
 16518074.0
 18824176.0
 21121860.0
 21913380.0
 21102460.0
 20151264.0
 21320116.0
 24875460.0
 27846756.0
 27733060.0
 26008986.0
 25966906.0
 28827736.0
 33145072.0
 36138848.0
 35748392.0
 33534224.0
 34136500.0
 39448216.0
 45551676.0
 47688920.0
 45864440.0
 44151924.0
 46698096.0
 54223724.0
 62217776.0
 64427048.0
 60686132.0
 58506208.0
 64295216.0
 75788712.0
 84951184.0
 86087416.0
 81097416.0
 78866056.0
 87453296.0
 104178784.0
 116433192.0
 115449472.0
 106654832.0
 104074576.0
 116302112.0
 138129056.0
 154102880.0
 152368352.0
 138114704.0
 130855728.0
 144679824.0
 172681824.0
 193252352.0
 190786960.0
 170399600.0
 154366512.0
 162515520.0
 192330256.0
 219100032.0
 219118784.0
 192972912.0
 164885216.0
 160051712.0
 182161888.0
 210047488.0
 215992528.0
 190807008.0
 152799488.0
 130856672.0
 137952352.0
 160738688.0
 172943504.0
 157887296.0
 120959528.0
 83767336.0
 66050796.0
 70700968.0
 84210368.0
 90220208.0
 82124992.0
 64615084.0
 46632384.0
 34431608.0
 29675776.0
 31303414.0
 37484668.0
 45649704.0
 51794804.0
 51649000.0
 43714560.0
 31000034.0
 19102338.0
 12244661.0
 10816876.0
 12125802.0
 13234991.0
 13332366.0
 13529433.0
 14622086.0
 15717777.0
 15385011.0
 13516339.0
 11464322.0
 10612859.0
 11123114.0
 11865914.0
 11564156.0
 10205117.0
 9057085.0
 9066351.0
 9731702.0
 9892765.0
 9107112.0
 7947311.5
 7335697.5
 7679954.5
 8372415.0
 8365768.5
 7459641.5
 6551837.5
 6424078.0
 6863499.5
 7138993.0
 6804183.5
 6012421.5
 5426251.0
 5583838.5
 6145855.0
 6243699.0
 5648071.5
 4982021.0
 4803383.5
 5076233.5
 5401816.0
 5326660.5
 18313676.0
 19907772.0
 20348170.0
 19855696.0
 19866608.0
 20706492.0
 22016250.0
 23397364.0
 23936280.0
 23443726.0
 23475164.0
 25024830.0
 26946332.0
 27982934.0
 28142490.0
 27969852.0
 28508746.0
 30661522.0
 33238086.0
 34101556.0
 33588616.0
 33854236.0
 35636768.0
 38269436.0
 40871044.0
 42029940.0
 41443488.0
 41779064.0
 45123464.0
 49293856.0
 51338636.0
 51666936.0
 52105480.0
 53831648.0
 57934016.0
 63456504.0
 66479940.0
 65832240.0
 66049368.0
 70623456.0
 77331232.0
 82727128.0
 85672608.0
 86374584.0
 87548496.0
 93743904.0
 104251216.0
 111910896.0
 113307568.0
 113570016.0
 118507440.0
 128745968.0
 141446112.0
 151505344.0
 154505056.0
 154211328.0
 161017856.0
 178088896.0
 196457808.0
 206973232.0
 209828640.0
 212081968.0
 222346752.0
 244549952.0
 270705568.0
 286016704.0
 286972224.0
 287337440.0
 302042848.0
 331721472.0
 364087040.0
 384259712.0
 386442176.0
 382333600.0
 393294976.0
 427263040.0
 468078720.0
 492386560.0
 492431648.0
 481118176.0
 480562016.0
 504453216.0
 544157504.0
 573308416.0
 572517504.0
 548617280.0
 526543744.0
 525556640.0
 544535104.0
 564456192.0
 563152128.0
 533492032.0
 490176512.0
 456177152.0
 442030656.0
 439364864.0
 431136704.0
 404939744.0
 360128960.0
 307635040.0
 262654448.0
 234180928.0
 220148720.0
 211502192.0
 199077472.0
 177656704.0
 147767664.0
 116156696.0
 92769352.0
 84409216.0
 89934912.0
 100945992.0
 107017784.0
 101888152.0
 86723160.0
 68057528.0
 52277780.0
 41888496.0
 36203224.0
 33773020.0
 33558752.0
 34988088.0
 37460652.0
 39589556.0
 39615996.0
 37303688.0
 34449092.0
 32738980.0
 32070618.0
 31430372.0
 30198824.0
 28403802.0
 26733950.0
 26070920.0
 26197116.0
 25782004.0
 24281516.0
 22680442.0
 21902312.0
 21809182.0
 21848998.0
 21473628.0
 20322154.0
 18921788.0
 18337192.0
 18554264.0
 18464220.0
 17639122.0
 16689471.0
 16068680.0
 15839662.0
 15973105.0
 15955172.0
 15172567.0
 14097874.0
 13730367.0
 13959248.0
 13937372.0
 13496760.0
 12914712.0
 42470204.0
 43454948.0
 46327832.0
 49733488.0
 51960048.0
 51179108.0
 49511896.0
 51410816.0
 56506448.0
 60243532.0
 60649692.0
 59387344.0
 59172748.0
 62604112.0
 68937496.0
 72928200.0
 71917352.0
 70222160.0
 72519664.0
 78361496.0
 84700048.0
 88154248.0
 86926216.0
 85281560.0
 90133872.0
 100118904.0
 106810496.0
 107272096.0
 106113888.0
 107934896.0
 115216208.0
 127041928.0
 135733520.0
 135088144.0
 132260960.0
 138813152.0
 153481264.0
 166160992.0
 171949824.0
 172324080.0
 172784992.0
 182739424.0
 204172624.0
 222837152.0
 226219680.0
 223107040.0
 230503904.0
 251655776.0
 277532992.0
 297106880.0
 302757120.0
 300907232.0
 313112960.0
 349155968.0
 388814912.0
 407589888.0
 407992512.0
 412470400.0
 439120096.0
 488945696.0
 541418048.0
 567161600.0
 563686784.0
 568169088.0
 614923392.0
 692165504.0
 756884736.0
 780754112.0
 774730944.0
 782176960.0
 844087296.0
 951875840.0
 1042729408.0
 1064257984.0
 1036976960.0
 1034983360.0
 1110479360.0
 1244032000.0
 1358277248.0
 1382707584.0
 1324866816.0
 1276656512.0
 1328566272.0
 1473952256.0
 1610360704.0
 1635543808.0
 1539913472.0
 1416133760.0
 1381303552.0
 1471984640.0
 1604179840.0
 1645844096.0
 1538106752.0
 1345967616.0
 1194941056.0
 1162041984.0
 1217148288.0
 1255564288.0
 1189330304.0
 1019577088.0
 827868352.0
 699384192.0
 654680256.0
 648720704.0
 622824000.0
 552956672.0
 457418240.0
 369809152.0
 308224352.0
 267221216.0
 233917104.0
 205498896.0
 188121440.0
 182974992.0
 179967520.0
 166348480.0
 139174816.0
 108597992.0
 89085992.0
 86170520.0
 91901448.0
 94687968.0
 91684224.0
 88676344.0
 90256272.0
 94311968.0
 95214848.0
 89614120.0
 80045264.0
 73354184.0
 73404656.0
 76140144.0
 74815208.0
 68468416.0
 61880936.0
 59173008.0
 60315364.0
 61935476.0
 60091912.0
 54556132.0
 49932540.0
 49844564.0
 51994620.0
 51859956.0
 48529280.0
 44425988.0
 42150592.0
 42835452.0
 44782096.0
 44266908.0
 40388528.0
 36841384.0
 36568656.0
 38032304.0
 38413840.0
 36851900.0
 33985824.0
 31634528.0
 31868438.0
 33745608.0
 95730232.0
 105658352.0
 113070552.0
 113598504.0
 111254320.0
 110230128.0
 114919320.0
 126222272.0
 135120432.0
 133797112.0
 128868160.0
 131137840.0
 141300816.0
 153203056.0
 160045040.0
 157839904.0
 153334240.0
 159645696.0
 176522800.0
 189521568.0
 191311392.0
 187995424.0
 188328768.0
 199258192.0
 220374816.0
 236566544.0
 235018016.0
 227897824.0
 235888288.0
 258466112.0
 280552288.0
 292748896.0
 292859264.0
 289016704.0
 301873728.0
 337428160.0
 369123296.0
 374312832.0
 367608064.0
 375523008.0
 404665920.0
 446233664.0
 482352480.0
 492272864.0
 483561248.0
 497405792.0
 552502528.0
 614469440.0
 645542464.0
 649234880.0
 653988992.0
 687896704.0
 762971648.0
 850066944.0
 894464128.0
 889488640.0
 897447552.0
 969601408.0
 1085930752.0
 1189230976.0
 1240719104.0
 1246935296.0
 1267604864.0
 1371109504.0
 1545837440.0
 1693828352.0
 1746152064.0
 1745127936.0
 1790825088.0
 1941796352.0
 2168373248.0
 2368241664.0
 2449043712.0
 2436371712.0
 2470711040.0
 2657548032.0
 2947988992.0
 3193086464.0
 3289091328.0
 3264583680.0
 3258806528.0
 3406129664.0
 3700236800.0
 3979952640.0
 4083974144.0
 4011258880.0
 3910531840.0
 3931559936.0
 4096809216.0
 4289417984.0
 4353704448.0
 4231894528.0
 4014156288.0
 3843400192.0
 3775206144.0
 3742264064.0
 3640423680.0
 3428380416.0
 3151088640.0
 2885320192.0
 2665392128.0
 2457964288.0
 2210481152.0
 1919791872.0
 1641584128.0
 1431370880.0
 1287080576.0
 1155208192.0
 987837184.0
 789633280.0
 611651584.0
 501893504.0
 460742080.0
 443763136.0
 406262912.0
 341360000.0
 275448608.0
 235009232.0
 222941088.0
 222028512.0
 215592944.0
 204676896.0
 203784320.0
 218795904.0
 235779856.0
 236981008.0
 221360848.0
 202855312.0
 193852480.0
 195051424.0
 196529872.0
 187304096.0
 168244576.0
 152829296.0
 150410496.0
 154631632.0
 153493136.0
 143826272.0
 131538464.0
 124319184.0
 125615520.0
 130128312.0
 127819816.0
 116990144.0
 107283904.0
 106002256.0
 109478560.0
 110478936.0
 105954232.0
 97434488.0
 90569648.0
 90858608.0
 95271728.0
 94809440.0
 87590664.0
 80694552.0
 78921328.0
 80640392.0
 82508264.0
 81064208.0
 228163568.0
 231430048.0
 223926592.0
 223593248.0
 242060960.0
 262171248.0
 267343392.0
 263592512.0
 262242544.0
 270392224.0
 291681184.0
 313825184.0
 317393472.0
 308397600.0
 311436416.0
 332504576.0
 358154272.0
 376201984.0
 378794144.0
 371212192.0
 378993568.0
 413727424.0
 448237312.0
 457548800.0
 453733856.0
 458440064.0
 479921088.0
 519602816.0
 560675712.0
 572026496.0
 559839040.0
 571627072.0
 622914176.0
 677035200.0
 706878336.0
 717352896.0
 721395328.0
 744707904.0
 811888896.0
 892195456.0
 925443328.0
 918747648.0
 938424320.0
 1009968768.0
 1102406144.0
 1182900224.0
 1227669760.0
 1235783168.0
 1266348800.0
 1379576576.0
 1532231936.0
 1627611776.0
 1655175296.0
 1689303680.0
 1786371456.0
 1951286016.0
 2143176704.0
 2278820096.0
 2320433408.0
 2365157120.0
 2539739136.0
 2822722304.0
 3075831808.0
 3218195712.0
 3290901760.0
 3405262080.0
 3667444224.0
 4067351552.0
 4433292800.0
 4609181184.0
 4670883328.0
 4853366784.0
 5276443648.0
 5826833920.0
 6278513664.0
 6487404032.0
 6539559424.0
 6725252096.0
 7258841088.0
 8001703936.0
 8567032320.0
 8725351424.0
 8642174976.0
 8718465024.0
 9224939520.0
 10035158016.0
 10682964992.0
 10767184896.0
 10364774400.0
 9996462080.0
 10134162432.0
 10748295168.0
 11327036416.0
 11318901760.0
 10605454336.0
 9611500544.0
 8944056320.0
 8861984768.0
 9062924288.0
 8977979392.0
 8275042304.0
 7110660608.0
 5951843328.0
 5173296128.0
 4787739136.0
 4511288320.0
 4060141824.0
 3388794368.0
 2674432768.0
 2113475584.0
 1752390656.0
 1494975232.0
 1234579712.0
 958735808.0
 734403136.0
 613571776.0
 571152576.0
 538232320.0
 480849888.0
 426657088.0
 417387104.0
 456084736.0
 505838528.0
 526965376.0
 512158272.0
 490544000.0
 492924864.0
 512069376.0
 511191328.0
 472914912.0
 420193568.0
 385777760.0
 378961184.0
 383367680.0
 374512416.0
 343230112.0
 308616320.0
 297302752.0
 308218976.0
 314847808.0
 301073600.0
 276068032.0
 257494528.0
 255205616.0
 264462016.0
 266859392.0
 249690464.0
 225513904.0
 216230448.0
 222668720.0
 227901184.0
 221561088.0
 205976448.0
 190156192.0
 185606656.0
 193885408.0
 198944608.0
 187866208.0
 170615344.0
 163313520.0
 434176128.0
 429090784.0
 451022016.0
 496479744.0
 536677344.0
 530873728.0
 497234272.0
 500313056.0
 553308928.0
 607673216.0
 626228160.0
 608889856.0
 585164032.0
 605348992.0
 680238976.0
 744089984.0
 741883584.0
 707673344.0
 706251392.0
 758755648.0
 842969088.0
 903768256.0
 891564672.0
 846031616.0
 869020160.0
 975922880.0
 1074393984.0
 1100543744.0
 1075301888.0
 1055949248.0
 1108452736.0
 1250155520.0
 1379872768.0
 1385812736.0
 1323817216.0
 1345196288.0
 1485055872.0
 1653364736.0
 1759868544.0
 1763307008.0
 1713666048.0
 1766221312.0
 1998551552.0
 2252642304.0
 2332992768.0
 2278326016.0
 2281229312.0
 2452879616.0
 2761133568.0
 3058291200.0
 3162860800.0
 3088559104.0
 3120621056.0
 3469044736.0
 3966257920.0
 4289442816.0
 4343178752.0
 4309763072.0
 4473344000.0
 5000613376.0
 5714327552.0
 6173393920.0
 6191446016.0
 6139531776.0
 6523635712.0
 7401335296.0
 8357407232.0
 8918567936.0
 8973363200.0
 8955604992.0
 9526543360.0
 10843199488.0
 12257252352.0
 12981970944.0
 12966453248.0
 12949086208.0
 13736382464.0
 15455472640.0
 17358174208.0
 18415665152.0
 18350653440.0
 18052624384.0
 18740797440.0
 20707229696.0
 23002628096.0
 24320458752.0
 24173246464.0
 23353348096.0
 23270164480.0
 24644001792.0
 26756726784.0
 28083054592.0
 27713675264.0
 26147893248.0
 24757825536.0
 24528654336.0
 25221402624.0
 25647155200.0
 24771579904.0
 22625544192.0
 20187365376.0
 18420408320.0
 17441263616.0
 16557261824.0
 15022929920.0
 12746295296.0
 10318428160.0
 8421054976.0
 7234122752.0
 6386375680.0
 5405932544.0
 4169550080.0
 2944090880.0
 2064786944.0
 1614873984.0
 1400208000.0
 1187183232.0
 927588672.0
 748199040.0
 753279872.0
 885786112.0
 999537472.0
 1025300800.0
 1019604608.0
 1065104448.0
 1165484288.0
 1241580544.0
 1212581376.0
 1084031488.0
 953348224.0
 907249024.0
 925051136.0
 915564160.0
 833865024.0
 724033984.0
 658492864.0
 665370048.0
 704974848.0
 706349696.0
 644464320.0
 573540608.0
 557729856.0
 589922688.0
 610911936.0
 584534080.0
 526067296.0
 479325440.0
 478697696.0
 510589184.0
 519643136.0
 478091232.0
 424010560.0
 405993152.0
 423671936.0
 442850752.0
 435631552.0
 397976640.0
 357322176.0
 351986240.0
 378922176.0
 806391424.0
 907784192.0
 970587392.0
 960223616.0
 927678272.0
 917914752.0
 970092672.0
 1081477632.0
 1154159616.0
 1120477696.0
 1064948736.0
 1096014592.0
 1201773696.0
 1307224960.0
 1351075712.0
 1311110528.0
 1265345920.0
 1337228800.0
 1503961600.0
 1610014976.0
 1595667840.0
 1547269120.0
 1559196160.0
 1677972224.0
 1872173312.0
 1993060352.0
 1943536384.0
 1868262144.0
 1962737920.0
 2188894208.0
 2374637312.0
 2439805952.0
 2404302592.0
 2374697728.0
 2526720768.0
 2863618048.0
 3110505984.0
 3093011712.0
 3006932736.0
 3111653888.0
 3420072448.0
 3789809664.0
 4044600832.0
 4055380736.0
 3972543488.0
 4173401088.0
 4728910336.0
 5240590848.0
 5401975296.0
 5363331584.0
 5454749696.0
 5882731008.0
 6620530176.0
 7310354432.0
 7536129024.0
 7440339456.0
 7675335168.0
 8547398144.0
 9641446400.0
 10391552000.0
 10644447232.0
 10727761920.0
 11255496704.0
 12589463552.0
 14248825856.0
 15290081280.0
 15493584896.0
 15701474304.0
 16824170496.0
 18900594688.0
 21131661312.0
 22561458176.0
 22968479744.0
 23334404096.0
 25008035840.0
 28121620480.0
 31273779200.0
 33038131200.0
 33467502592.0
 34022991872.0
 36230479872.0
 40225468416.0
 44367675392.0
 46630019072.0
 46737776640.0
 46669705216.0
 48709582848.0
 53106810880.0
 57746296832.0
 60026007552.0
 59221671936.0
 57288990720.0
 57197002752.0
 60091871232.0
 64030035968.0
 65660669952.0
 63256731648.0
 58234441728.0
 53867659264.0
 52421541888.0
 53226700800.0
 53362282496.0
 50271293440.0
 43898064896.0
 36532457472.0
 30753028096.0
 27420854272.0
 25356963840.0
 22733842432.0
 18754891776.0
 14124094464.0
 10124896256.0
 7431854080.0
 5766905344.0
 4459107328.0
 3153394432.0
 2007319424.0
 1345522176.0
 1232196864.0
 1399660160.0
 1546452608.0
 1630825984.0
 1820353280.0
 2187654656.0
 2557811200.0
 2696060160.0
 2570188032.0
 2360566784.0
 2249868544.0
 2252275200.0
 2226046976.0
 2036124288.0
 1719799936.0
 1466491904.0
 1405995520.0
 1465981952.0
 1479466496.0
 1377418752.0
 1232832768.0
 1162526464.0
 1209266560.0
 1289848320.0
 1275781248.0
 1149438592.0
 1028880512.0
 1012481472.0
 1067083520.0
 1093950080.0
 1039191232.0
 930042048.0
 851554176.0
 866343808.0
 928728320.0
 931328896.0
 848798144.0
 762154176.0
 740390976.0
 773320000.0
 807459072.0
 789769984.0
 1673843712.0
 1753285376.0
 1627884288.0
 1510499584.0
 1615943936.0
 1843696128.0
 1983001216.0
 1966659328.0
 1850798592.0
 1795384832.0
 1966259072.0
 2262629888.0
 2379748352.0
 2250284032.0
 2121956608.0
 2197153280.0
 2462129408.0
 2750186496.0
 2824871680.0
 2640557056.0
 2518517248.0
 2749515264.0
 3159741440.0
 3382134016.0
 3323444736.0
 3158016000.0
 3152041472.0
 3503053056.0
 4031325952.0
 4242530816.0
 4012357632.0
 3827009024.0
 4093017600.0
 4663170560.0
 5149891584.0
 5275323904.0
 5040735744.0
 4903796736.0
 5394701312.0
 6299322880.0
 6815019008.0
 6663245824.0
 6399984128.0
 6630620160.0
 7466984960.0
 8524361216.0
 9095362560.0
 8846423040.0
 8512519168.0
 9151066112.0
 10680682496.0
 11973551104.0
 12294854656.0
 11987923968.0
 12022790144.0
 13235161088.0
 15439866880.0
 17213894656.0
 17414725632.0
 16839012352.0
 17412255744.0
 19871375360.0
 23032117248.0
 25098860544.0
 25313011712.0
 24847583232.0
 26089576448.0
 30117410816.0
 34998984704.0
 37690863616.0
 37576290304.0
 37243502592.0
 39839059968.0
 46012547072.0
 53040037888.0
 57002717184.0
 56804048896.0
 56037695488.0
 59703975936.0
 68804902912.0
 78959009792.0
 84567924736.0
 84211458048.0
 82334113792.0
 85581111296.0
 96444530688.0
 110101577728.0
 118408970240.0
 117726535680.0
 112665018368.0
 111962406912.0
 120477097984.0
 134551298048.0
 144867262464.0
 144551411712.0
 135374258176.0
 126161330176.0
 124805603328.0
 131356049408.0
 138287202304.0
 137245786112.0
 126087561216.0
 110186627072.0
 97271414784.0
 90819108864.0
 87921803264.0
 82837274624.0
 72297439232.0
 57887838208.0
 44067500032.0
 34173212672.0
 28096903168.0
 23370457088.0
 18014916608.0
 12142064640.0
 7170264064.0
 4096188160.0
 2712367104.0
 2167489280.0
 1909171840.0
 2003001088.0
 2688238080.0
 3807821312.0
 4788974080.0
 5190537216.0
 5151549952.0
 5163582976.0
 5428774912.0
 5613250560.0
 5284037632.0
 4443113984.0
 3541325056.0
 3037845760.0
 2990744832.0
 3049331200.0
 2854545152.0
 2440224768.0
 2160693248.0
 2232541440.0
 2486315008.0
 2593387008.0
 2416163328.0
 2112495616.0
 1961536768.0
 2069623808.0
 2236252672.0
 2186866432.0
 1917329792.0
 1680956416.0
 1661915520.0
 1795590400.0
 1881517312.0
 1780771712.0
 1548862976.0
 1401061888.0
 1467071360.0
 1612342144.0
 1614990720.0
 1450325120.0
 1278106368.0
 2754638592.0
 2563789056.0
 2476567552.0
 2738636800.0
 3202269696.0
 3354830080.0
 3085289728.0
 2856508928.0
 3006074368.0
 3424596224.0
 3809388032.0
 3854651904.0
 3536012544.0
 3340965632.0
 3702992640.0
 4322521088.0
 4593337344.0
 4400036352.0
 4097392384.0
 4110119680.0
 4652184576.0
 5380624384.0
 5579323392.0
 5145118208.0
 4849502208.0
 5258403328.0
 6070624256.0
 6666908672.0
 6679121920.0
 6221074432.0
 6030302208.0
 6785754112.0
 8004960256.0
 8513773568.0
 8087034880.0
 7644142080.0
 7984437760.0
 9127462912.0
 10423902208.0
 10886198272.0
 10253495296.0
 9770141696.0
 10769524736.0
 12749157376.0
 14054733824.0
 13992911872.0
 13330328576.0
 13395876864.0
 15084089344.0
 17766072320.0
 19379009536.0
 18866970624.0
 17935845376.0
 19014811648.0
 22242390016.0
 25565198336.0
 26993741824.0
 26339469312.0
 25716158464.0
 27956092928.0
 33213818880.0
 38017282048.0
 39224266752.0
 37961424896.0
 38327910400.0
 43019812864.0
 50768678912.0
 57230499840.0
 58870317056.0
 57278013440.0
 58593837056.0
 66897723392.0
 79103074304.0
 88004968448.0
 89844711424.0
 88223416320.0
 91130314752.0
 103546658816.0
 121631916032.0
 135199096832.0
 137999122432.0
 135141457920.0
 138630496256.0
 155412037632.0
 180174880768.0
 199609122816.0
 204484263936.0
 199143735296.0
 198737297408.0
 215025631232.0
 244170145792.0
 269344669696.0
 276055588864.0
 265548791808.0
 254024859648.0
 258248228864.0
 280064950272.0
 303989555200.0
 310636576768.0
 293760401408.0
 265302179840.0
 244493877248.0
 241316790272.0
 248638226432.0
 249217990656.0
 230816088064.0
 195821289472.0
 157683613696.0
 129035042816.0
 112711720960.0
 102170198016.0
 88941371392.0
 69895634944.0
 48593526784.0
 30761703424.0
 19105566720.0
 12298125312.0
 7816803328.0
 4621016576.0
 3146699776.0
 3695436800.0
 5532663808.0
 7464715776.0
 8895804416.0
 10110652416.0
 11546591232.0
 12930117632.0
 13322116096.0
 12125308928.0
 9900959744.0
 7930754048.0
 6974329856.0
 6669213696.0
 6159555584.0
 5103844352.0
 3990112256.0
 3556017664.0
 3954722816.0
 4550187520.0
 4616370176.0
 4128372736.0
 3680163840.0
 3721785088.0
 4095231232.0
 4279664640.0
 3952200192.0
 3331889920.0
 2973765120.0
 3139301888.0
 3476268288.0
 3472470784.0
 3069617408.0
 2650584832.0
 2566091264.0
 2808239872.0
 3038395392.0
 2914145792.0
 2492494336.0
 2201963520.0
 2299883264.0
 3640906240.0
 3941148672.0
 4578000384.0
 5051631616.0
 5021700096.0
 4506748416.0
 4215438592.0
 4790249984.0
 5721234432.0
 6008236544.0
 5552644096.0
 5062502912.0
 5160108544.0
 5982101504.0
 6942275584.0
 7068173824.0
 6317023232.0
 5872612864.0
 6523906560.0
 7691807744.0
 8373292544.0
 8141102592.0
 7376261120.0
 7184601088.0
 8334292992.0
 9922800640.0
 10321516544.0
 9455263744.0
 8781624320.0
 9346117632.0
 10943526912.0
 12481281024.0
 12665781248.0
 11493001216.0
 10906183680.0
 12443259904.0
 14927477760.0
 16082376704.0
 15411908608.0
 14314066944.0
 14551112704.0
 16927015936.0
 20076658688.0
 21213765632.0
 19697319936.0
 18464362496.0
 20283662336.0
 24293281792.0
 27460386816.0
 27836442624.0
 26133186560.0
 25558089728.0
 29070086144.0
 35287920640.0
 39139045376.0
 38164643840.0
 35839713280.0
 37326983168.0
 43928342528.0
 52074041344.0
 56367075328.0
 54814404608.0
 52319051776.0
 56460558336.0
 68257652736.0
 80032481280.0
 84069376000.0
 81187389440.0
 80001564672.0
 88865013760.0
 107363860480.0
 124834185216.0
 130278866944.0
 125520609280.0
 125259841536.0
 141706133504.0
 171049975808.0
 196495753216.0
 204271452160.0
 197955764224.0
 197685805056.0
 221758324736.0
 266336468992.0
 306138611712.0
 318745018368.0
 308057407488.0
 302544519168.0
 329446916096.0
 388151279616.0
 447354830848.0
 471666294784.0
 455520583680.0
 431183822848.0
 440506056704.0
 496099065856.0
 568103206912.0
 608682115072.0
 593092804608.0
 541607952384.0
 502273802240.0
 509206331392.0
 553715236864.0
 592980606976.0
 586471112704.0
 527873507328.0
 447175852032.0
 383724879872.0
 354784509952.0
 346164297728.0
 329702572032.0
 288345096192.0
 226922872832.0
 163837378560.0
 114995593216.0
 83892772864.0
 63698333696.0
 46645821440.0
 30798053376.0
 18846547968.0
 12803734528.0
 11539012608.0
 12747367424.0
 15414495232.0
 19621197824.0
 24724377600.0
 28699000832.0
 29537783808.0
 27080785920.0
 23226640384.0
 20190834688.0
 18492899328.0
 16772148224.0
 13657698304.0
 9564118016.0
 6358726656.0
 5395971584.0
 6208054272.0
 7134272512.0
 7023378432.0
 6240926208.0
 5999608832.0
 6780695552.0
 7718726656.0
 7675108352.0
 6578151424.0
 5421826048.0
 5140831232.0
 5700469760.0
 6200322560.0
 5847084032.0
 4864519680.0
 4237521408.0
 4500817920.0
 5137111040.0
 5290021888.0
 4722597376.0
 3952737536.0
 3682813696.0
 4095262720.0
 4599216128.0
 5738399744.0
 7183238144.0
 7633368064.0
 6856389120.0
 6002624000.0
 6036413952.0
 7161807360.0
 8579840000.0
 8816380928.0
 7622381056.0
 6733632512.0
 7533588480.0
 9245262848.0
 10240807936.0
 9803048960.0
 8531896320.0
 8068928512.0
 9563029504.0
 11785277440.0
 12349813760.0
 10976457728.0
 9728278528.0
 10291378176.0
 12475240448.0
 14591238144.0
 14670274560.0
 12749130752.0
 11642690560.0
 13517580288.0
 16760786944.0
 18210250752.0
 17047268352.0
 15133424640.0
 15074132992.0
 18095310848.0
 22117695488.0
 23171375104.0
 20584773632.0
 18506518528.0
 20528734208.0
 25385003008.0
 29061228544.0
 28901855232.0
 25874165760.0
 24520749056.0
 28718370816.0
 36043128832.0
 39658221568.0
 37062217728.0
 33295785984.0
 34675855360.0
 42262454272.0
 51111374848.0
 54327205888.0
 50185850880.0
 46044909568.0
 51063111680.0
 64414892032.0
 75455946752.0
 76201238528.0
 70020448256.0
 68155711488.0
 79143165952.0
 99387195392.0
 114205253632.0
 113021550592.0
 103577206784.0
 105229393920.0
 127255642112.0
 158086266880.0
 176692084736.0
 173521944576.0
 162104606720.0
 168975958016.0
 206492237824.0
 255643451392.0
 282845249536.0
 276108410880.0
 260341825536.0
 274556256256.0
 333474660352.0
 409579225088.0
 454981222400.0
 448326893568.0
 421936103424.0
 435406798848.0
 516779212800.0
 630797434880.0
 707994189824.0
 708766924800.0
 664077271040.0
 652923305984.0
 731173027840.0
 875244421120.0
 997359878144.0
 1022562992128.0
 956877897728.0
 884073824256.0
 893561536512.0
 1001805709312.0
 1135772041216.0
 1194053337088.0
 1131987730432.0
 995832954880.0
 879671115776.0
 847186296832.0
 884670201856.0
 919254925312.0
 881767153664.0
 759601430528.0
 597995356160.0
 456673820672.0
 365645037568.0
 314793984000.0
 275116752896.0
 226060648448.0
 167517945856.0
 112622551040.0
 72767553536.0
 49646411776.0
 38824120320.0
 36648771584.0
 41586999296.0
 50905862144.0
 59516661760.0
 63257923584.0
 62190583808.0
 59545092096.0
 57510526976.0
 54690750464.0
 47905873920.0
 36224647168.0
 22861787136.0
 12829547520.0
 8671707136.0
 8674115584.0
 9240214528.0
 8584547840.0
 7809031168.0
 8743608320.0
 11332706304.0
 13407220736.0
 13005947904.0
 10606395392.0
 8599269376.0
 8594331648.0
 9805586432.0
 10248030208.0
 9023028224.0
 7159305216.0
 6415064064.0
 7344226816.0
 8629182464.0
 8584880128.0
 7143620096.0
 5824687104.0
 5850948096.0
 6878376960.0
 7567255040.0
 7007664640.0
 9931341824.0
 10610462720.0
 9023494144.0
 7406458880.0
 8069385216.0
 10299091968.0
 11847252992.0
 11491380224.0
 9721584640.0
 8627037184.0
 10140132352.0
 13125937152.0
 14268300288.0
 12571060224.0
 10512513024.0
 10669210624.0
 13245317120.0
 16160706560.0
 16574569472.0
 14048846848.0
 12025705472.0
 13738504192.0
 17735213056.0
 19957313536.0
 18703906816.0
 15854361600.0
 14948192256.0
 18154979328.0
 23172327424.0
 24773601280.0
 21555834880.0
 18310920192.0
 19779616768.0
 25159008256.0
 29815308288.0
 29851029504.0
 25687091200.0
 22936135680.0
 26930663424.0
 35142176768.0
 39347924992.0
 36179165184.0
 31008456704.0
 31179700224.0
 38698684416.0
 48368193536.0
 51688062976.0
 46032928768.0
 39986827264.0
 44229300224.0
 57687134208.0
 68510998528.0
 68102148096.0
 60007890944.0
 56332414976.0
 66532683776.0
 86345056256.0
 99188711424.0
 94501281792.0
 82512674816.0
 83754369024.0
 105358573568.0
 133068865536.0
 145733189632.0
 136599986176.0
 122989830144.0
 131987128320.0
 170228252672.0
 211707674624.0
 224318996480.0
 206895415296.0
 193045921792.0
 217737494528.0
 280867110912.0
 342538584064.0
 359336607744.0
 332588449792.0
 315748122624.0
 362468114432.0
 466905890816.0
 563449167872.0
 589694566400.0
 551457325056.0
 526198898688.0
 594160779264.0
 754909184000.0
 914726322176.0
 970998153216.0
 916805976064.0
 858586873856.0
 922814971904.0
 1135186935808.0
 1384437907456.0
 1512480702464.0
 1458877890560.0
 1326770028544.0
 1299579928576.0
 1477644910592.0
 1782505275392.0
 2015924060160.0
 2024227209216.0
 1828382441472.0
 1607761133568.0
 1550077919232.0
 1697323679744.0
 1917928603648.0
 2019129294848.0
 1896605810688.0
 1602013757440.0
 1287247757312.0
 1082470039552.0
 1009716297728.0
 993331183616.0
 940018106368.0
 809779658752.0
 627229917184.0
 445261021184.0
 303700082688.0
 212455522304.0
 160679591936.0
 134675873792.0
 126708883456.0
 131722649600.0
 142709948416.0
 152850038784.0
 160028540928.0
 165642010624.0
 168514633728.0
 162368864256.0
 141154353152.0
 106530144256.0
 68745715712.0
 39395332096.0
 23143628800.0
 16178864128.0
 12005707776.0
 8058652160.0
 6581153792.0
 9915666432.0
 16300075008.0
 20924624896.0
 20631627776.0
 16897750016.0
 13987073024.0
 14330169344.0
 16159637504.0
 15998991360.0
 12944572416.0
 9613149184.0
 8969411584.0
 11072481280.0
 13188327424.0
 12763632640.0
 10130403328.0
 8091057152.0
 8659663872.0
 10736467968.0
 11586888704.0
 10093731840.0
 7774769152.0
 13188331520.0
 10994855936.0
 8711981056.0
 9675695104.0
 13519357952.0
 15858968576.0
 14243471360.0
 11119933440.0
 10217778176.0
 12801250304.0
 16854164480.0
 18355683328.0
 15503412224.0
 11965786112.0
 12714815488.0
 17374861312.0
 21047226368.0
 20366057472.0
 16500130816.0
 13958137856.0
 16667332608.0
 22928035840.0
 26065944576.0
 22793758720.0
 17811138560.0
 17630126080.0
 23138392064.0
 29500858368.0
 30791696384.0
 25737893888.0
 20683091968.0
 23370440704.0
 32508033024.0
 38589906944.0
 35940671488.0
 28955768832.0
 26435266560.0
 33011824640.0
 44282847232.0
 49450668032.0
 43201781760.0
 34275694592.0
 35893870592.0
 49005207552.0
 61424877568.0
 62115844096.0
 52296953856.0
 44705980416.0
 52096778240.0
 72053301248.0
 86111707136.0
 80802390016.0
 65654964224.0
 62707515392.0
 81204682752.0
 107858657280.0
 119968473088.0
 108216893440.0
 89898991616.0
 94446182400.0
 129207992320.0
 166479101952.0
 173484326912.0
 150571335680.0
 132535230464.0
 153414909952.0
 210265243648.0
 260477878272.0
 262556254208.0
 225688518656.0
 208616030208.0
 257855193088.0
 352619200512.0
 421404475392.0
 414713020416.0
 360959770624.0
 348216066048.0
 438938304512.0
 595600474112.0
 704531333120.0
 690714181632.0
 606474272768.0
 592454483968.0
 741381505024.0
 995915857920.0
 1185792262144.0
 1185814806528.0
 1053276700672.0
 997877809152.0
 1189055561728.0
 1579613945856.0
 1926167789568.0
 2002598625280.0
 1817476333568.0
 1631683608576.0
 1740678234112.0
 2201936461824.0
 2758662422528.0
 3045753618432.0
 2903894392832.0
 2524710699008.0
 2298476494848.0
 2491057700864.0
 3020218171392.0
 3519069290496.0
 3631060877312.0
 3284690272256.0
 2726408486912.0
 2308872339456.0
 2225470701568.0
 2395331887104.0
 2561743257600.0
 2500885741568.0
 2169289834496.0
 1692551086080.0
 1241551994880.0
 918749052928.0
 730464714752.0
 628888764416.0
 565491269632.0
 516859822080.0
 480347848704.0
 458446077952.0
 450103803904.0
 451547693056.0
 457280356352.0
 457017196544.0
 435739361280.0
 382853644288.0
 303312437248.0
 217367527424.0
 146529091584.0
 98742362112.0
 66991190016.0
 41044451328.0
 18865905664.0
 6406609408.0
 7977161728.0
 18980085760.0
 28993609728.0
 31174084608.0
 27407759360.0
 24282218496.0
 25177057280.0
 27089885184.0
 24955443200.0
 18168303616.0
 11773857792.0
 10878977024.0
 14925796352.0
 18556293120.0
 17635897344.0
 13359904768.0
 10427862016.0
 11772264448.0
 15396726784.0
 16703049728.0
 13864672256.0
 9887928320.0
 8866755584.0
 12326808576.0
 9390013440.0
 10600753152.0
 15579043840.0
 19455766528.0
 17609750528.0
 12342432768.0
 10563469312.0
 14728638464.0
 20383830016.0
 21950519296.0
 18069176320.0
 13011640320.0
 13326550016.0
 20074489856.0
 26085586944.0
 24678342656.0
 18214543360.0
 14639850496.0
 18459150336.0
 26693302272.0
 31354101760.0
 27226241024.0
 19254538240.0
 18118942720.0
 26598778880.0
 35820343296.0
 36453883904.0
 28813586432.0
 21840869376.0
 24745809920.0
 37081825280.0
 46667030528.0
 42879840256.0
 31135305728.0
 26941659136.0
 36901351424.0
 51965153280.0
 57846202368.0
 49134276608.0
 36164145152.0
 36662394880.0
 54925160448.0
 73406832640.0
 72886026240.0
 56352243712.0
 45272612864.0
 55691476992.0
 81753194496.0
 99993993216.0
 92305268736.0
 69100560384.0
 62363480064.0
 88290770944.0
 125351796736.0
 138174316544.0
 117471854592.0
 90858602496.0
 96198287360.0
 141778714624.0
 191023005696.0
 197177524224.0
 159169871872.0
 129995227136.0
 159331762176.0
 236063555584.0
 296406351872.0
 288698204160.0
 231551205376.0
 205375111168.0
 272028729344.0
 398563672064.0
 479547392000.0
 449317240832.0
 362200006656.0
 346798424064.0
 475789983744.0
 679985807360.0
 800378519552.0
 747063607296.0
 612572659712.0
 602104135680.0
 826319765504.0
 1167850340352.0
 1374696505344.0
 1305386811392.0
 1092126441472.0
 1048009506816.0
 1374527160320.0
 1936742547456.0
 2349507280896.0
 2330555318272.0
 1994218536960.0
 1788724903936.0
 2105889783808.0
 2903213867008.0
 3692392873984.0
 3940949426176.0
 3552970014720.0
 2990986493952.0
 2904977047552.0
 3578180665344.0
 4666240794624.0
 5455200911360.0
 5428719124480.0
 4678673760256.0
 3823843409920.0
 3515401633792.0
 3946161111040.0
 4745060155392.0
 5293079003136.0
 5174272196608.0
 4422560120832.0
 3424809385984.0
 2608317857792.0
 2175299747840.0
 2058234888192.0
 2060524978176.0
 2021029576704.0
 1885550018560.0
 1684344930304.0
 1475991437312.0
 1305538592768.0
 1189771083776.0
 1120193085440.0
 1071616622592.0
 1013100511232.0
 922708279296.0
 800419020800.0
 666952204288.0
 545653915648.0
 442995146752.0
 347357315072.0
 247255744512.0
 148764393472.0
 72786214912.0
 35351425024.0
 32216449024.0
 43186401280.0
 50108272640.0
 49319559168.0
 47583100928.0
 49211092992.0
 49882857472.0
 42737016832.0
 27983038464.0
 14383729664.0
 10744235008.0
 16727742464.0
 23392018432.0
 22982705152.0
 16741948416.0
 12258235392.0
 14384599040.0
 20179021824.0
 22630457344.0
 18537375744.0
 12080795648.0
 10045846528.0
 13967380480.0
 9059613696.0
 10195894272.0
 16461088768.0
 21702901760.0
 20561729536.0
 13943476224.0
 9793744896.0
 14213789696.0
 22777896960.0
 25821730816.0
 20511305728.0
 13283958784.0
 12429872128.0
 20076675072.0
 29066383360.0
 29370521600.0
 20567906304.0
 13727281152.0
 17741223936.0
 28722163712.0
 35369222144.0
 31074379776.0
 20574109696.0
 16486205440.0
 25878433792.0
 39830626304.0
 42783559680.0
 32100546560.0
 21118810112.0
 23207260160.0
 37898350592.0
 51350974464.0
 49371791360.0
 33962840064.0
 24453074944.0
 35180056576.0
 56376627200.0
 65620525056.0
 54263652352.0
 36200607744.0
 33390630912.0
 53642416128.0
 79328370688.0
 83226460160.0
 61423947776.0
 41783889920.0
 51542474752.0
 84745969664.0
 109250404352.0
 101245337600.0
 70949257216.0
 56001626112.0
 82830663680.0
 131730513920.0
 153338724352.0
 126458814464.0
 86216753152.0
 86074032128.0
 139066146816.0
 201157705728.0
 213098643456.0
 165125128192.0
 118158721024.0
 143493857280.0
 237558431744.0
 316351447040.0
 305704239104.0
 226730180608.0
 181911060480.0
 252424060928.0
 404593803264.0
 507558821888.0
 467035127808.0
 342862364672.0
 305012015104.0
 454983548928.0
 703115296768.0
 842616143872.0
 758782361600.0
 569581895680.0
 538415071232.0
 810629922816.0
 1231200845824.0
 1463832018944.0
 1328621027328.0
 1020121579520.0
 960078938112.0
 1394370412544.0
 2111214977024.0
 2583585619968.0
 2458021789696.0
 1944527306752.0
 1692998828032.0
 2211644440576.0
 3350891331584.0
 4359882801152.0
 4518703005696.0
 3813336154112.0
 3032162500608.0
 3136577077248.0
 4415578177536.0
 6171083669504.0
 7240924790784.0
 6939329167360.0
 5634452357120.0
 4482769879040.0
 4529968906240.0
 5902050000896.0
 7725740195840.0
 8804798300160.0
 8479327649792.0
 7017043329024.0
 5322259300352.0
 4268538200064.0
 4168899887104.0
 4711526694912.0
 5304108449792.0
 5495217192960.0
 5174294740992.0
 4503303094272.0
 3733495218176.0
 3064016142336.0
 2591033917440.0
 2319270543360.0
 2197511602176.0
 2155814846464.0
 2134498213888.0
 2098915180544.0
 2036097875968.0
 1937425170432.0
 1783779950592.0
 1551386804224.0
 1237591916544.0
 881557635072.0
 553609854976.0
 315614068736.0
 185139200000.0
 134106808320.0
 119206756352.0
 112962043904.0
 109540999168.0
 109075152896.0
 104528183296.0
 86094503936.0
 54346772480.0
 23500666880.0
 9227187200.0
 13841219584.0
 24691355648.0
 27481108480.0
 20274239488.0
 13199923200.0
 15243198464.0
 23940532224.0
 29023027200.0
 24406777856.0
 14742378496.0
 10046046208.0
 14610759680.0
 22302210048.0
 7592209920.0
 15050509312.0
 23195506688.0
 23477995520.0
 15936446464.0
 8752288768.0
 10850508800.0
 21539608576.0
 29158940672.0
 24797820928.0
 13975134208.0
 9664301056.0
 17147481088.0
 29116356608.0
 33175508992.0
 24496875520.0
 12934245376.0
 13284769792.0
 26739779584.0
 38545358848.0
 35931308032.0
 22455666688.0
 13495243776.0
 20541898752.0
 38373269504.0
 48091529216.0
 38286548992.0
 20805382144.0
 17460508672.0
 33678811136.0
 52902404096.0
 55281393664.0
 38343983104.0
 21284861952.0
 26559492096.0
 52658995200.0
 71907926016.0
 62859395072.0
 37099528192.0
 25707520000.0
 44525805568.0
 77322108928.0
 90944339968.0
 70033858560.0
 38773800960.0
 37936066560.0
 75582193664.0
 113895759872.0
 112505200640.0
 74845077504.0
 45432610816.0
 64148901888.0
 121655607296.0
 161921122304.0
 141233848320.0
 84454555648.0
 63698239488.0
 115658924032.0
 196239360000.0
 225904541696.0
 175429419008.0
 104051187712.0
 105738076160.0
 205391118336.0
 316349415424.0
 326534922240.0
 229341315072.0
 144183296000.0
 193247936512.0
 364784156672.0
 509452091392.0
 487039238144.0
 328045658112.0
 230495453184.0
 360175173632.0
 652875464704.0
 852638760960.0
 773292228608.0
 516117790720.0
 403287670784.0
 662395551744.0
 1160109096960.0
 1482523279360.0
 1340844408832.0
 912647323648.0
 730185924608.0
 1169153196032.0
 2027232821248.0
 2641886445568.0
 2500392910848.0
 1795026321408.0
 1349408260096.0
 1889431977984.0
 3298547204096.0
 4604052373504.0
 4800096239616.0
 3807233441792.0
 2674002231296.0
 2751075713024.0
 4490073735168.0
 6927709896704.0
 8386915074048.0
 7864259706880.0
 5931624562688.0
 4361382002688.0
 4749177389056.0
 7236430594048.0
 10355917979648.0
 12119436165120.0
 11476576239616.0
 9017596313600.0
 6457446105088.0
 5398936944640.0
 6325055520768.0
 8459758075904.0
 10439328006144.0
 11208554971136.0
 10525472718848.0
 8863385387008.0
 6958487699456.0
 5397392916480.0
 4452138876928.0
 4123479769088.0
 4261607374848.0
 4674402385920.0
 5192126824448.0
 5686903177216.0
 6059815600128.0
 6219506909184.0
 6078505418752.0
 5580233637888.0
 4743282294784.0
 3686565675008.0
 2602179493888.0
 1679173353472.0
 1024338558976.0
 634302169088.0
 432976953344.0
 335699574784.0
 287991037952.0
 262121472000.0
 237126287360.0
 194107572224.0
 129213063168.0
 61055504384.0
 16625218560.0
 7212804608.0
 19113549824.0
 28359370752.0
 23582736384.0
 13578979328.0
 13154162688.0
 24453955584.0
 34895134720.0
 32458571776.0
 19438559232.0
 9403552768.0
 12049776640.0
 22965794816.0
 28964608000.0
 9501026304.0
 21420730368.0
 26963769344.0
 20258420736.0
 9186092032.0
 6099469824.0
 15512082432.0
 28417150976.0
 30325399552.0
 18597623808.0
 7313427968.0
 10380675072.0
 24875296768.0
 35241910272.0
 30407639040.0
 15426109440.0
 7632518656.0
 18081654784.0
 36626345984.0
 42308698112.0
 28833206272.0
 12103265280.0
 11693736960.0
 29786925056.0
 48355082240.0
 46921687040.0
 26338740224.0
 11166272512.0
 21489084416.0
 47552999424.0
 60974813184.0
 47449837568.0
 22222911488.0
 14680460288.0
 37472632832.0
 69167120384.0
 74597441536.0
 47038406656.0
 19458672640.0
 26411208704.0
 63825444864.0
 93513261056.0
 83799597056.0
 44709228544.0
 22261145600.0
 49472200704.0
 103260160000.0
 125634379776.0
 91727380480.0
 41348358144.0
 35770155008.0
 90516537344.0
 154915045376.0
 161192050688.0
 100741668864.0
 44549611520.0
 68806041600.0
 162436890624.0
 231620444160.0
 203019173888.0
 109108715520.0
 61509623808.0
 135019479040.0
 276442054656.0
 345144819712.0
 265702440960.0
 128827211776.0
 107175403520.0
 263894712320.0
 467724730368.0
 518120996864.0
 361599565824.0
 175709978624.0
 206735278080.0
 498037325824.0
 803663970304.0
 823703699456.0
 539029929984.0
 276577517568.0
 399606415360.0
 913700028416.0
 1400077549568.0
 1400621891584.0
 916878917632.0
 495076245504.0
 727641620480.0
 1619896565760.0
 2485641543680.0
 2557478699008.0
 1777278517248.0
 981499772928.0
 1198557757440.0
 2631350091776.0
 4310182658048.0
 4871186022400.0
 3843020292096.0
 2243849093120.0
 1829133352960.0
 3544273387520.0
 6533142806528.0
 8679234469888.0
 8350977753088.0
 5896477343744.0
 3543288250368.0
 3683651158016.0
 6912161611776.0
 11424669630464.0
 14300108292096.0
 13681705353216.0
 10164999553024.0
 6351730245632.0
 4983000924160.0
 7099535851520.0
 11504425369600.0
 15722540433408.0
 17613197410304.0
 16513294663680.0
 13305260277760.0
 9619884736512.0
 6878108581888.0
 5761570177024.0
 6226884689920.0
 7814585516032.0
 9966385627136.0
 12212653522944.0
 14221990428672.0
 15761878810624.0
 16638201036800.0
 16675478962176.0
 15763050070016.0
 13937673240576.0
 11436132663296.0
 8660911652864.0
 6055960510464.0
 3953683595264.0
 2480381886464.0
 1569648148480.0
 1057643626496.0
 783163785216.0
 632725045248.0
 532971487232.0
 433801920512.0
 311119118336.0
 176666066944.0
 67390500864.0
 12658230272.0
 8145920000.0
 21908932608.0
 25042243584.0
 14875270144.0
 8837433344.0
 18940100608.0
 36298010624.0
 41920499712.0
 29249249280.0
 11586252800.0
 6836744192.0
 18010654720.0
 30941937664.0
 30538577920.0
 13135454208.0
 26240495616.0
 26987350016.0
 14786035712.0
 3810480384.0
 6504295424.0
 20885532672.0
 32075053056.0
 27208630272.0
 11295285248.0
 3466699264.0
 14037577728.0
 31561117696.0
 36650799104.0
 23823386624.0
 7214424064.0
 6371653120.0
 24723486720.0
 42976333824.0
 40057675776.0
 19210471424.0
 4980253184.0
 14591435776.0
 38909489152.0
 52244103168.0
 39386652672.0
 14118453248.0
 6936423424.0
 29456050176.0
 57974161408.0
 60519563264.0
 34420174848.0
 9369162752.0
 15396028416.0
 50119626752.0
 77831323648.0
 66743410688.0
 28533559296.0
 9118135296.0
 34972381184.0
 80669753344.0
 97157726208.0
 66033754112.0
 21513086976.0
 17343836160.0
 67083931648.0
 121378709504.0
 119427825664.0
 62410145792.0
 17209747456.0
 41672908800.0
 118280011776.0
 169194684416.0
 138008674304.0
 57171267584.0
 23425314816.0
 91235409920.0
 200377221120.0
 234849615872.0
 155149762560.0
 50935840768.0
 50613469184.0
 180387905536.0
 321039499264.0
 323533471744.0
 179684704256.0
 55046283264.0
 118386343936.0
 343320363008.0
 514504294400.0
 450852290560.0
 215731273728.0
 81802477568.0
 255323537408.0
 627863715840.0
 845397426176.0
 674773794816.0
 292362911744.0
 149996027904.0
 511654854656.0
 1130421420032.0
 1436164030464.0
 1108291747840.0
 476886990848.0
 281572016128.0
 935182729216.0
 2014305845248.0
 2569345433600.0
 2048099352576.0
 950383738880.0
 493741539328.0
 1480632696832.0
 3397609586688.0
 4704616579072.0
 4213914206208.0
 2338658713600.0
 952453103616.0
 1809462984704.0
 4854197518336.0
 7999609372672.0
 8758854942720.0
 6451919585280.0
 3050584145920.0
 1772398837760.0
 4462683881472.0
 9917863821312.0
 14600361738240.0
 15267327377408.0
 11483698167808.0
 6060876234752.0
 3084764315648.0
 5049976619008.0
 11209537486848.0
 18198302818304.0
 22281430499328.0
 21574923059200.0
 16866472886272.0
 10793412198400.0
 6201571540992.0
 4814601191424.0
 6841641205760.0
 11394369978368.0
 17182513692672.0
 23047396392960.0
 28184831590400.0
 32118109372416.0
 34557940203520.0
 35287346446336.0
 34159296774144.0
 31200443891712.0
 26727195607040.0
 21359870607360.0
 15886088929280.0
 11027383058432.0
 7230666047488.0
 4592256417792.0
 2935827726336.0
 1971141607424.0
 1427773980672.0
 1107804160000.0
 879207120896.0
 662953066496.0
 435331563520.0
 224040665088.0
 76070543360.0
 12596805632.0
 9532718080.0
 20648069120.0
 17655128064.0
 6683250176.0
 8439916544.0
 27680315392.0
 45995524096.0
 43578494976.0
 22644199424.0
 4999820288.0
 7614864384.0
 24706408448.0
 35549622272.0
 27822206976.0
 16193992704.0
 28594278400.0
 25278412800.0
 10210651136.0
 912876416.0
 8070799872.0
 24598904832.0
 32928489472.0
 23229605888.0
 6046258176.0
 2185621504.0
 17628641280.0
 35317833728.0
 35377893376.0
 17814364160.0
 2241302272.0
 7281621504.0
 29727643648.0
 45386547200.0
 35835858944.0
 11811002368.0
 1747034880.0
 18440310784.0
 44601942016.0
 51911979008.0
 31593281536.0
 6029607936.0
 6505741312.0
 36188549120.0
 62977597440.0
 56279728128.0
 23593156608.0
 2416713728.0
 18943135744.0
 58823254016.0
 79703474176.0
 56810901504.0
 15268258816.0
 5524317184.0
 43723804672.0
 90121560064.0
 93648502784.0
 49650462720.0
 7308696576.0
 19045859328.0
 80737894400.0
 128371597312.0
 107093540864.0
 39453155328.0
 5507049472.0
 51921571840.0
 136180785152.0
 169375186944.0
 112642818048.0
 27345764352.0
 17636536320.0
 112594649088.0
 219964293120.0
 221840392192.0
 112625631232.0
 16479793152.0
 56713580544.0
 215444455424.0
 336653778944.0
 286168088576.0
 112299573248.0
 18373378048.0
 145331568640.0
 396211421184.0
 517791711232.0
 372627537920.0
 111772033024.0
 45495869440.0
 315681341440.0
 704475824128.0
 821648687104.0
 525107462144.0
 127622725632.0
 115867762688.0
 629565227008.0
 1249089945600.0
 1367575887872.0
 830360715264.0
 190483349504.0
 232167948288.0
 1151287427072.0
 2231830839296.0
 2457186336768.0
 1548716605440.0
 395691622400.0
 333596655616.0
 1835831263232.0
 3866673283072.0
 4667293040640.0
 3412520599552.0
 1205437595648.0
 317804806144.0
 2172085600256.0
 5840774365184.0
 8552669773824.0
 7988313587712.0
 4470077915136.0
 1042065391616.0
 1140904558592.0
 5677742817280.0
 11994802421760.0
 15698205081600.0
 14021964070912.0
 8097934868480.0
 2324566900736.0
 1275833745408.0
 6466890104832.0
 15317455601664.0
 22911800836096.0
 25143376084992.0
 21073261232128.0
 13156343611392.0
 5548197543936.0
 1834586341376.0
 3569510514688.0
 10167024353280.0
 19751495532544.0
 30196191199232.0
 39809154285568.0
 47541638922240.0
 52861471817728.0
 55512519409664.0
 55353609814016.0
 52371858128896.0
 46824656207872.0
 39361089372160.0
 30980882563072.0
 22804185481216.0
 15758772928512.0
 10347555586048.0
 6606539980800.0
 4242917031936.0
 2844034596864.0
 2035906379776.0
 1542600916992.0
 1181732438016.0
 852686405632.0
 533289304064.0
 260967235584.0
 84601528320.0
 14249230336.0
 10109533184.0
 17659797504.0
 11011671040.0
 1814868224.0
 10433042432.0
 34936856576.0
 51479580672.0
 42298703872.0
 16827308032.0
 1270544128.0
 9601139712.0
 29362903040.0
 37006954496.0
 24115998720.0
 17337106432.0
 29201637376.0
 24351711232.0
 8483236864.0
 69479832.0
 8844602368.0
 25859014656.0
 32886910976.0
 21505204224.0
 4200387072.0
 2001744384.0
 19050080256.0
 36423593984.0
 34496499712.0
 15464391680.0
 661699200.0
 7922525696.0
 31505000448.0
 45814145024.0
 33861595136.0
 9119481856.0
 950305152.0
 20095303680.0
 46413029376.0
 51197452288.0
 28409114624.0
 3311194368.0
 6818591232.0
 38706323456.0
 64241856512.0
 54048595968.0
 19513731072.0
 384942912.0
 20718065664.0
 61765472256.0
 79520579584.0
 52513087488.0
 10606403584.0
 4946839040.0
 47228600320.0
 92894871552.0
 91246239744.0
 43212648448.0
 2757629184.0
 20566083584.0
 85647163392.0
 129646174208.0
 101267070976.0
 31021449216.0
 2403001344.0
 56554037248.0
 141990871040.0
 167497826304.0
 102083305472.0
 17110145024.0
 17266737152.0
 120944517120.0
 225295204352.0
 214347563008.0
 96135806976.0
 5666249728.0
 61298585600.0
 228036198400.0
 338948030464.0
 268912377856.0
 87520903168.0
 8372458496.0
 158066606080.0
 413791911936.0
 513204486144.0
 339562364928.0
 75292401664.0
 38230306816.0
 341244837888.0
 728113217536.0
 803438460928.0
 464789929984.0
 71935107072.0
 113865637888.0
 677364563968.0
 1283997827072.0
 1326898479104.0
 721269555200.0
 95631187968.0
 233080700928.0
 1238409412608.0
 2296526143488.0
 2389033615360.0
 1353123233792.0
 210966265856.0
 311409344512.0
 1984884637696.0
 4014407155712.0
 4599820845056.0
 3082399776768.0
 811024777216.0
 154090962944.0
 2360555864064.0
 6178441527296.0
 8642292088832.0
 7571573309440.0
 3688044167168.0
 377861603328.0
 1052675276800.0
 6200330551296.0
 12643015327744.0
 15783616839680.0
 13168932814848.0
 6574048804864.0
 924907732992.0
 823953129472.0
 7269976637440.0
 16939175903232.0
 24401470816256.0
 25562804387840.0
 19998735073280.0
 10888789622784.0
 2967645454336.0
 32823687168.0
 3472169107456.0
 12301594787840.0
 24202472062976.0
 36695986667520.0
 47880685486080.0
 56625171791872.0
 62394843791360.0
 64968699412480.0
 64259786539008.0
 60333959938048.0
 53564231647232.0
 44749645938688.0
 35048636022784.0
 25711932866560.0
 17741379534848.0
 11652877516800.0
 7450935164928.0
 4791451254784.0
 3209906618368.0
 2289046126592.0
 1720901959680.0
 1303114678272.0
 926964645888.0
 570849624064.0
 275129106432.0
 88208826368.0
 15130486784.0
 10178899968.0
 16198056960.0
 8445378560.0
 328705408.0
 11585897472.0
 37681061888.0
 53133672448.0
 41391464448.0
 14586051584.0
 143166256.0
 10553046016.0
 30956273664.0
 37165973504.0
 22487293952.0
 16193949696.0
 28594300928.0
 25278392320.0
 10210530304.0
 912692736.0
 8070685184.0
 24598906880.0
 32928528384.0
 23229532160.0
 6046064128.0
 2185430528.0
 17628596224.0
 35317915648.0
 35377926144.0
 17814220800.0
 2241041664.0
 7281421312.0
 29727596544.0
 45386567680.0
 35835785216.0
 11810756608.0
 1746729984.0
 18440148992.0
 44601978880.0
 51912040448.0
 31593136128.0
 6029237248.0
 6505404928.0
 36188471296.0
 62977728512.0
 56279748608.0
 23592857600.0
 2416213248.0
 18942801920.0
 58823266304.0
 79703613440.0
 56810737664.0
 15267697664.0
 5523696640.0
 43723546624.0
 90121715712.0
 93648601088.0
 49650049024.0
 7307836416.0
 19045130240.0
 80737730560.0
 128371818496.0
 107093434368.0
 39452319744.0
 5505796096.0
 51920732160.0
 136180736000.0
 169375432704.0
 112642334720.0
 27344232448.0
 17634740224.0
 112593657856.0
 219964391424.0
 221840474112.0
 112624418816.0
 16477169664.0
 56711000064.0
 215443406848.0
 336654008320.0
 286167859200.0
 112297082880.0
 18369005568.0
 145327702016.0
 396210044928.0
 517792202752.0
 372626718720.0
 111767486464.0
 45488480256.0
 315675049984.0
 704473792512.0
 821649473536.0
 525106053120.0
 127615287296.0
 115855409152.0
 629554216960.0
 1249086144512.0
 1367577591808.0
 830360190976.0
 190473273344.0
 232148664320.0
 1151267897344.0
 2231821139968.0
 2457188171776.0
 1548720275456.0
 395684282368.0
 333573062656.0
 1835799937024.0
 3866651525120.0
 4667289370624.0
 3412531871744.0
 1205445853184.0
 317795303424.0
 2172055584768.0
 5840738713600.0
 8552646705152.0
 7988313587712.0
 4470098362368.0
 1042089836544.0
 1140919238656.0
 5677741768704.0
 11994790887424.0
 15698189352960.0
 14021960925184.0
 8097941684224.0
 2324587085824.0
 1275866120192.0
 6466932047872.0
 15317503836160.0
 22911836487680.0
 25143397056512.0
 21073267523584.0
 13156331028480.0
 5548172902400.0
 1834559209472.0
 3569489281024.0
 10167015964672.0
 19751491338240.0
 30196193296384.0
 39809150091264.0
 47541622145024.0
 52861446651904.0
 55512481660928.0
 55353576259584.0
 52371841351680.0
 46824647819264.0
 39361110343680.0
 30980890951680.0
 22804198064128.0
 15758779219968.0
 10347558731776.0
 6606539980800.0
 4242915721216.0
 2844031975424.0
 2035904282624.0
 1542599344128.0
 1181732306944.0
 852686602240.0
 533289762816.0
 260967563264.0
 84601675776.0
 14249311232.0
 10109591552.0
 17659779072.0
 11011525632.0
 1814644480.0
 10432879616.0
 34936844288.0
 51479654400.0
 42298732544.0
 16827216896.0
 1270402816.0
 9601044480.0
 29362886656.0
 37006970880.0
 24115955712.0
 13135491072.0
 26240366592.0
 26987290624.0
 14786209792.0
 3810798592.0
 6504500224.0
 20885487616.0
 32074909696.0
 27208650752.0
 11295566848.0
 3467042304.0
 14037702656.0
 31560990720.0
 36650692608.0
 23823572992.0
 7214862848.0
 6371991040.0
 24723478528.0
 42976145408.0
 40057675776.0
 19210852352.0
 4980790784.0
 14591721472.0
 38909374464.0
 52243914752.0
 39386828800.0
 14119062528.0
 6937022976.0
 29456179200.0
 57973891072.0
 60519428096.0
 34420633600.0
 9370025984.0
 15396623360.0
 50119540736.0
 77830905856.0
 66743451648.0
 28534415360.0
 9119246336.0
 34972876800.0
 80669450240.0
 97157414912.0
 66034302976.0
 21514541056.0
 17345187840.0
 67084242944.0
 121378185216.0
 119427719168.0
 62411427840.0
 17211944960.0
 41674481664.0
 118280028160.0
 169193963520.0
 138009149440.0
 57173741568.0
 23428552704.0
 91237195776.0
 200376893440.0
 234848829440.0
 155151302656.0
 50940297216.0
 50618318848.0
 180390002688.0
 321038614528.0
 323533012992.0
 179688357888.0
 55054000128.0
 118393831424.0
 343323181056.0
 514502721536.0
 450852356096.0
 215738482688.0
 81815822336.0
 255335858176.0
 627868172288.0
 845395394560.0
 674774253568.0
 292374970368.0
 150018555904.0
 511676579840.0
 1130430595072.0
 1436161146880.0
 1108290699264.0
 476903047168.0
 281607208960.0
 935221395456.0
 2014327865344.0
 2569343860736.0
 2048090570752.0
 950394159104.0
 493784104960.0
 1480694431744.0
 3397659394048.0
 4704632307712.0
 4213899264000.0
 2338643509248.0
 952469094400.0
 1809519738880.0
 4854271967232.0
 7999665995776.0
 8758864904192.0
 6451893370880.0
 3050544300032.0
 1772374589440.0
 4462689648640.0
 9917892132864.0
 14600389001216.0
 15267339960320.0
 11483687682048.0
 6060843204608.0
 3084706643968.0
 5049898500096.0
 11209444163584.0
 18198210543616.0
 22281352904704.0
 21574885310464.0
 16866462400512.0
 10793432121344.0
 6201602998272.0
 4814627930112.0
 6841657982976.0
 11394371026944.0
 17182515789824.0
 23047406878720.0
 28184850464768.0
 32118147121152.0
 34557977952256.0
 35287392583680.0
 34159326134272.0
 31200456474624.0
 26727185121280.0
 21359849635840.0
 15886073200640.0
 11027367329792.0
 7230657134592.0
 4592254844928.0
 2935830085632.0
 1971145539584.0
 1427777912832.0
 1107806781440.0
 879207841792.0
 662952476672.0
 435330809856.0
 224039944192.0
 76070215680.0
 12596647936.0
 9532589056.0
 20648042496.0
 17655328768.0
 6683615744.0
 8440202240.0
 27680339968.0
 45995372544.0
 43578429440.0
 22644338688.0
 5000061440.0
 7614992896.0
 24706353152.0
 35549528064.0
 27822237696.0
 9500985344.0
 21420955648.0
 26963968000.0
 20258318336.0
 9185746944.0
 6099215872.0
 15512155136.0
 28417419264.0
 30325489664.0
 18597345280.0
 7313014784.0
 10380538880.0
 24875544576.0
 35242205184.0
 30407553024.0
 15425641472.0
 7632085504.0
 18081660928.0
 36626718720.0
 42308911104.0
 28832903168.0
 12102642688.0
 11693387776.0
 29787156480.0
 48355536896.0
 46921703424.0
 26338131968.0
 11165537280.0
 21488910336.0
 47553486848.0
 60975267840.0
 47449509888.0
 22221940736.0
 14679694336.0
 37472763904.0
 69167824896.0
 74597687296.0
 47037558784.0
 19457310720.0
 26410532864.0
 63825944576.0
 93514080256.0
 83799367680.0
 44707672064.0
 22259447808.0
 49471807488.0
 103261134848.0
 125635133440.0
 91726299136.0
 41345761280.0
 35768033280.0
 90516537344.0
 154916470784.0
 161192378368.0
 100739194880.0
 44545601536.0
 68803551232.0
 162437578752.0
 231622328320.0
 203018436608.0
 109103808512.0
 61503361024.0
 135016439808.0
 276443496448.0
 345146884096.0
 265699508224.0
 128818118656.0
 107165327360.0
 263890354176.0
 467727155200.0
 518122897408.0
 361592946688.0
 175693725696.0
 206718140416.0
 498029494272.0
 803666788352.0
 823705862144.0
 539018067968.0
 276549337088.0
 399575285760.0
 913683644416.0
 1400079384576.0
 1400627265536.0
 916863647744.0
 495032336384.0
 727585718272.0
 1619858292736.0
 2485635252224.0
 2557489971200.0
 1777270521856.0
 981448523776.0
 1198471905280.0
 2631268302848.0
 4310140715008.0
 4871189168128.0
 3843037069312.0
 2243831529472.0
 1829058641920.0
 3544161714176.0
 6533040570368.0
 8679182041088.0
 8350981423104.0
 5896509325312.0
 3543310794752.0
 3683638837248.0
 6912113377280.0
 11424610910208.0
 14300064251904.0
 13681689624576.0
 10165017378816.0
 6351784771584.0
 4983091625984.0
 7099652767744.0
 11504552247296.0
 15722656825344.0
 17613283393536.0
 16513343946752.0
 13305267617792.0
 9619871105024.0
 6878090231808.0
 5761557594112.0
 6226881019904.0
 7814586564608.0
 9966377238528.0
 12212634648576.0
 14221955825664.0
 15761838964736.0
 16638163288064.0
 16675452747776.0
 15763043778560.0
 13937675337728.0
 11436140003328.0
 8660925284352.0
 6055972044800.0
 3953688576000.0
 2480381624320.0
 1569644609536.0
 1057638711296.0
 783158935552.0
 632722292736.0
 532970766336.0
 433802674176.0
 311120330752.0
 176666869760.0
 67390840832.0
 12658404352.0
 8146152960.0
 21909108736.0
 25042135040.0
 14874894336.0
 8837109760.0
 18940096512.0
 36298256384.0
 41920692224.0
 29249183744.0
 11586008064.0
 6836593664.0
 18010757120.0
 30942146560.0
 30538639360.0
 7592233472.0
 15050180608.0
 23195121664.0
 23477915648.0
 15936697344.0
 8752521216.0
 10850383872.0
 21539162112.0
 29158580224.0
 24797902848.0
 13975488512.0
 9664421888.0
 17147119616.0
 29115811840.0
 33175304192.0
 24497178624.0
 12934656000.0
 13284720640.0
 26739195904.0
 38544805888.0
 35931336704.0
 22456182784.0
 13495583744.0
 20541556736.0
 38372478976.0
 48091037696.0
 38286843904.0
 20806057984.0
 17460668416.0
 33678096384.0
 52901462016.0
 55281176576.0
 38344687616.0
 21285615616.0
 26559279104.0
 52657815552.0
 71906926592.0
 62859612160.0
 37100691456.0
 25708204032.0
 44525035520.0
 77320536064.0
 90943635456.0
 70034792448.0
 38775427072.0
 37936439296.0
 75580637184.0
 113893834752.0
 112505094144.0
 74847133696.0
 45434781696.0
 64148750336.0
 121653157888.0
 161919123456.0
 141234896896.0
 84458192896.0
 63700946944.0
 115657859072.0
 196235853824.0
 225902870528.0
 175432794112.0
 104057389056.0
 105741639680.0
 205388824576.0
 316344336384.0
 326534299648.0
 229348458496.0
 144193896448.0
 193253261312.0
 364780421120.0
 509445472256.0
 487040614400.0
 328059682816.0
 230514294784.0
 360185266176.0
 652871008256.0
 852629782528.0
 773296226304.0
 516142923776.0
 403322503168.0
 662417965056.0
 1160107393024.0
 1482510041088.0
 1340848078848.0
 912685727744.0
 730247856128.0
 1169205362688.0
 2027248680960.0
 2641871503360.0
 2500386619392.0
 1795065511936.0
 1349498961920.0
 1889536835584.0
 3298616147968.0
 4604064432128.0
 4800077365248.0
 3807238684672.0
 2674071961600.0
 2751205474304.0
 4490216341504.0
 6927810560000.0
 8386950725632.0
 7864249221120.0
 5931610406912.0
 4361399566336.0
 4749238206464.0
 7236518150144.0
 10356003962880.0
 12119496982528.0
 11476598259712.0
 9017574293504.0
 6457380044800.0
 5398828941312.0
 6324921827328.0
 8459617566720.0
 10439203225600.0
 11208466890752.0
 10525419241472.0
 8863364415488.0
 6958484029440.0
 5397395013632.0
 4452140449792.0
 4123479244800.0
 4261610520576.0
 4674414968832.0
 5192151465984.0
 5686933061632.0
 6059845484544.0
 6219527356416.0
 6078512234496.0
 5580227870720.0
 4743271284736.0
 3686553092096.0
 2602170843136.0
 1679168765952.0
 1024338231296.0
 634304921600.0
 432981016576.0
 335703474176.0
 287993430016.0
 262121947136.0
 237125353472.0
 194106179584.0
 129212096512.0
 61055102976.0
 16625039360.0
 7212498432.0
 19113181184.0
 28359243776.0
 23582959616.0
 13579245568.0
 13154125824.0
 24453570560.0
 34894712832.0
 32458444800.0
 19438712832.0
 9403677696.0
 12049607680.0
 22965411840.0
 28964347904.0
 9059608576.0
 10196293632.0
 16461672448.0
 21703243776.0
 20561686528.0
 13943308288.0
 9793890304.0
 14214369280.0
 22778542080.0
 25821952000.0
 20511117312.0
 13283865600.0
 12430295040.0
 20077457408.0
 29066985472.0
 29370576896.0
 20567648256.0
 13727358976.0
 17741953024.0
 28723113984.0
 35369672704.0
 31074191360.0
 20573865984.0
 16486601728.0
 25879498752.0
 39831638016.0
 42783784960.0
 32100143104.0
 21118720000.0
 23208146944.0
 37899784192.0
 51351871488.0
 49371635712.0
 33962293248.0
 24453341184.0
 35181543424.0
 56378388480.0
 65621200896.0
 54263058432.0
 36200062976.0
 33391532032.0
 53644623872.0
 79330263040.0
 83226624000.0
 61422870528.0
 41783599104.0
 51544391680.0
 84749099008.0
 109252231168.0
 101244633088.0
 70947594240.0
 56001912832.0
 82833899520.0
 131734511616.0
 153340149760.0
 126456791040.0
 86214410240.0
 86075342848.0
 139071356928.0
 201162620928.0
 213098823680.0
 165120851968.0
 118155476992.0
 143496757248.0
 237566459904.0
 316357443584.0
 305702174720.0
 226722070528.0
 181905801216.0
 252428713984.0
 404605501440.0
 507565965312.0
 467029098496.0
 342846996480.0
 305001725952.0
 454989414400.0
 703132598272.0
 842626105344.0
 758770565120.0
 569553059840.0
 538391707648.0
 810631692288.0
 1231223783424.0
 1463849320448.0
 1328604774400.0
 1020071903232.0
 960025788416.0
 1394349441024.0
 2111235424256.0
 2583617601536.0
 2458017595392.0
 1944465309696.0
 1692900786176.0
 2211563175936.0
 3350866690048.0
 4359909277696.0
 4518729220096.0
 3813307318272.0
 3032060788736.0
 3136433422336.0
 4415448678400.0
 6171013939200.0
 7240912732160.0
 6939341750272.0
 5634444492800.0
 4482717974528.0
 4529875582976.0
 5901937278976.0
 7725633765376.0
 8804718608384.0
 8479287279616.0
 7017049620480.0
 5322311729152.0
 4268630736896.0
 4169014968320.0
 4711640465408.0
 5304203870208.0
 5495283777536.0
 5174335111168.0
 4503318298624.0
 3733497839616.0
 3064016142336.0
 2591033655296.0
 2319270543360.0
 2197509505024.0
 2155807637504.0
 2134486155264.0
 2098902335488.0
 2036088832000.0
 1937422680064.0
 1783784275968.0
 1551394668544.0
 1237600043008.0
 881563336704.0
 553612607488.0
 315614232576.0
 185137577984.0
 134104334336.0
 119204216832.0
 112960364544.0
 109540810752.0
 109076217856.0
 104529682432.0
 86095585280.0
 54347223040.0
 23500830720.0
 9227532288.0
 13841787904.0
 24691793920.0
 27481174016.0
 20274110464.0
 13200005120.0
 15243658240.0
 23941132288.0
 29023389696.0
 24406802432.0
 14742325248.0
 10046248960.0
 14611243008.0
 22302662656.0
 12326813696.0
 9389654016.0
 10600093696.0
 15578468352.0
 19455565824.0
 17609805824.0
 12342325248.0
 10562889728.0
 14727804928.0
 20383293440.0
 21950466048.0
 18069221376.0
 13011284992.0
 13325711360.0
 20073603072.0
 26085169152.0
 24678412288.0
 18214506496.0
 14639160320.0
 18458013696.0
 26692427776.0
 31353915392.0
 27226378240.0
 19254233088.0
 18117834752.0
 26597365760.0
 35819548672.0
 36453928960.0
 28813684736.0
 21840101376.0
 24744192000.0
 37080301568.0
 46666465280.0
 42880069632.0
 31135145984.0
 26940194816.0
 36899090432.0
 51963572224.0
 57846038528.0
 49134632960.0
 36163407872.0
 36660039680.0
 54922358784.0
 73405358080.0
 72886263808.0
 56352505856.0
 45270859776.0
 55687782400.0
 81749819392.0
 99992969216.0
 92306079744.0
 69100429312.0
 62360215552.0
 88285388800.0
 125347790848.0
 138173939712.0
 117473320960.0
 90857521152.0
 96192569344.0
 141771128832.0
 191018663936.0
 197178540032.0
 159172231168.0
 129992622080.0
 159322292224.0
 236052545536.0
 296401633280.0
 288701480960.0
 231555301376.0
 205370490880.0
 272013754368.0
 398547550208.0
 479541985280.0
 449324384256.0
 362208034816.0
 346792329216.0
 475767144448.0
 679960576000.0
 800370393088.0
 747077238784.0
 612590682112.0
 602101907456.0
 826288635904.0
 1167809708032.0
 1374678024192.0
 1305405292544.0
 1092163993600.0
 1048027987968.0
 1374500814848.0
 1936683827200.0
 2349461405696.0
 2330561085440.0
 1994275160064.0
 1788790439936.0
 2105912328192.0
 2903174807552.0
 3692322881536.0
 3940905910272.0
 3552996229120.0
 2991075885056.0
 2905085575168.0
 3578254065664.0
 4666258620416.0
 5455177842688.0
 5428695531520.0
 4678684770304.0
 3823901343744.0
 3515499937792.0
 3946277502976.0
 4745173925888.0
 5293173899264.0
 5174335635456.0
 4422583189504.0
 3424791822336.0
 2608269361152.0
 2175234473984.0
 2058170138624.0
 2060472549376.0
 2020995760128.0
 1885532717056.0
 1684337983488.0
 1475989340160.0
 1305536888832.0
 1189768069120.0
 1120189415424.0
 1071614656512.0
 1013101363200.0
 922711818240.0
 800422756352.0
 666953318400.0
 545651818496.0
 442990755840.0
 347352727552.0
 247252631552.0
 148763049984.0
 72786124800.0
 35352002560.0
 32217411584.0
 43187539968.0
 50109116416.0
 49319559168.0
 47582146560.0
 49209696256.0
 49881726976.0
 42736508928.0
 27982899200.0
 14383451136.0
 10743631872.0
 16727097344.0
 23391694848.0
 22982694912.0
 16741870592.0
 12257804288.0
 14383919104.0
 20178464768.0
 22630254592.0
 18537373696.0
 12080637952.0
 10045369344.0
 13966802944.0
 13188265984.0
 10995017728.0
 8712501248.0
 9676309504.0
 13519706112.0
 15858960384.0
 14243434496.0
 11120285696.0
 10218516480.0
 12801903616.0
 16854373376.0
 18355593216.0
 15503524864.0
 11966407680.0
 12715720704.0
 17375481856.0
 21047291904.0
 20365963264.0
 16500505600.0
 13959101440.0
 16668336128.0
 22928488448.0
 26065852416.0
 22793775104.0
 17811888128.0
 17631465472.0
 23139487744.0
 29501120512.0
 30791526400.0
 25738225664.0
 20684365824.0
 23372079104.0
 32509014016.0
 38589902848.0
 35940532224.0
 28956665856.0
 26437285888.0
 33013788672.0
 44283613184.0
 49450409984.0
 43201908736.0
 34277398528.0
 35896700928.0
 49007411200.0
 61425299456.0
 62115405824.0
 52297793536.0
 44709044224.0
 52100612096.0
 72055537664.0
 86111617024.0
 80801955840.0
 65657020416.0
 62712520704.0
 81209851904.0
 107860836352.0
 119967760384.0
 108216877056.0
 89903136768.0
 94453956608.0
 129214808064.0
 166481084416.0
 173482704896.0
 150572122112.0
 132542955520.0
 153427214336.0
 210274615296.0
 260479418368.0
 262553255936.0
 225690451968.0
 208628973568.0
 257874722816.0
 352633520128.0
 421406048256.0
 414707482624.0
 360962326528.0
 348236513280.0
 438969892864.0
 595624591360.0
 704534740992.0
 690703892480.0
 606473551872.0
 592482009088.0
 741431967744.0
 995961733120.0
 1185807728640.0
 1185800388608.0
 1053262938112.0
 997899894784.0
 1189122277376.0
 1579695734784.0
 1926220218368.0
 2002599673856.0
 1817446055936.0
 1631669977088.0
 1740720046080.0
 2202031620096.0
 2758767017984.0
 3045817319424.0
 2903892033536.0
 2524664823808.0
 2298431668224.0
 2491051671552.0
 3020258803712.0
 3519133515776.0
 3631112781824.0
 3284702855168.0
 2726373359616.0
 2308797890560.0
 2225371611136.0
 2395225980928.0
 2561647575040.0
 2500812603392.0
 2169247629312.0
 1692538634240.0
 1241561825280.0
 918770483200.0
 730487521280.0
 628906590208.0
 565502345216.0
 516864933888.0
 480349847552.0
 458447781888.0
 450107670528.0
 451553820672.0
 457287401472.0
 457023029248.0
 435742474240.0
 382854594560.0
 303312961536.0
 217368821760.0
 146531123200.0
 98744352768.0
 66992422912.0
 41044762624.0
 18865842176.0
 6406634496.0
 7977252352.0
 18979985408.0
 28993341440.0
 31174068224.0
 27408320512.0
 24283230208.0
 25178001408.0
 27090339840.0
 24955484160.0
 18168379392.0
 11774288896.0
 10879603712.0
 14926223360.0
 18556381184.0
 17635885056.0
 13360125952.0
 10428387328.0
 11772821504.0
 15397009408.0
 16703055872.0
 13864706048.0
 9888237568.0
 8867258368.0
 9931512832.0
 10610594816.0
 9023313920.0
 7406034944.0
 8069069824.0
 10299129856.0
 11847484416.0
 11491402752.0
 9721213952.0
 8626528256.0
 10139918336.0
 13126126592.0
 14268538880.0
 12570901504.0
 10511933440.0
 10668670976.0
 13245249536.0
 16161018880.0
 16574703616.0
 14048427008.0
 12024963072.0
 13738059776.0
 17735383040.0
 19957706752.0
 18703826944.0
 15853585408.0
 14947288064.0
 18154686464.0
 23172724736.0
 24773955584.0
 21555390464.0
 18309779456.0
 19778670592.0
 25159002112.0
 29815916544.0
 29851164672.0
 25686075392.0
 22934579200.0
 26929821696.0
 35142574080.0
 39348658176.0
 36178825216.0
 31006670848.0
 31177713664.0
 38698082304.0
 48369053696.0
 51688730624.0
 46031740928.0
 39984025600.0
 44226985984.0
 57687015424.0
 68512395264.0
 68102418432.0
 60005273600.0
 56328171520.0
 66530041856.0
 86345654272.0
 99190652928.0
 94500651008.0
 82507857920.0
 83748126720.0
 105355558912.0
 133070569472.0
 145735696384.0
 136597585920.0
 122981244928.0
 131977592832.0
 170224517120.0
 211710918656.0
 224322387968.0
 206890369024.0
 193031290880.0
 217722044416.0
 280861442048.0
 342544023552.0
 359342178304.0
 332580487168.0
 315724201984.0
 362441342976.0
 466893602816.0
 563455852544.0
 589704921088.0
 551448543232.0
 526162329600.0
 594112282624.0
 754876809216.0
 914725666816.0
 971014602752.0
 916805910528.0
 858545192960.0
 922738622464.0
 1135111569408.0
 1384400551936.0
 1512485945344.0
 1458894143488.0
 1326752333824.0
 1299506528256.0
 1477531664384.0
 1782397272064.0
 2015859834880.0
 2024214233088.0
 1828394631168.0
 1607760347136.0
 1550038990848.0
 1697248706560.0
 1917840392192.0
 2019056025600.0
 1896567275520.0
 1602016378880.0
 1287287209984.0
 1082534789120.0
 1009793105920.0
 993406812160.0
 940080627712.0
 809822846976.0
 627253510144.0
 445269835776.0
 303700541440.0
 212452786176.0
 160676872192.0
 134674251776.0
 126708277248.0
 131722182656.0
 142708326400.0
 152846581760.0
 160023592960.0
 165637210112.0
 168511422464.0
 162367963136.0
 141154779136.0
 106530717696.0
 68745748480.0
 39395000320.0
 23143456768.0
 16179085312.0
 12005997568.0
 8058604544.0
 6580816896.0
 9915430912.0
 16300188672.0
 20924895232.0
 20631621632.0
 16897313792.0
 13986499584.0
 14329878528.0
 16159750144.0
 15999208448.0
 12944519168.0
 9612797952.0
 8969073664.0
 11072436224.0
 13188508672.0
 12763719680.0
 10130193408.0
 8090683392.0
 8659437568.0
 10736524288.0
 11587047424.0
 10093713408.0
 7774501888.0
 5738177536.0
 7182884864.0
 7633202688.0
 6856512512.0
 6002800640.0
 6036349440.0
 7161462272.0
 8579485696.0
 8816320512.0
 7622598656.0
 6733771776.0
 7533347328.0
 9244780544.0
 10240506880.0
 9803155456.0
 8532182016.0
 8068950016.0
 9562613760.0
 11784730624.0
 12349626368.0
 10976738304.0
 9728559104.0
 10291167232.0
 12474591232.0
 14590703616.0
 14670314496.0
 12749576192.0
 11642889216.0
 13517089792.0
 16759934976.0
 18209816576.0
 17047586816.0
 15133975552.0
 15074075648.0
 18094440448.0
 22116710400.0
 23171176448.0
 20585443328.0
 18507102208.0
 20528269312.0
 25383661568.0
 29060222976.0
 28902096896.0
 25875204096.0
 24521166848.0
 28717297664.0
 36041297920.0
 39657373696.0
 37063139328.0
 33297260544.0
 34675908608.0
 42260504576.0
 51109068800.0
 54326829056.0
 50187751424.0
 46046834688.0
 51062464512.0
 64411652096.0
 75453104128.0
 76201730048.0
 70023815168.0
 68158119936.0
 79141322752.0
 99382116352.0
 114201772032.0
 113023541248.0
 103582957568.0
 105232711680.0
 127251980288.0
 158078222336.0
 176687464448.0
 173526122496.0
 162114355200.0
 168981495808.0
 206486634496.0
 255630573568.0
 282837549056.0
 276115095552.0
 260358569984.0
 274567888896.0
 333468893184.0
 409559367680.0
 454965526528.0
 448332890112.0
 421962907648.0
 435433799680.0
 516783079424.0
 630774169600.0
 707964960768.0
 708762206208.0
 664109580288.0
 652976455680.0
 731212677120.0
 875246256128.0
 997330780160.0
 1022536908800.0
 956889497600.0
 884133330944.0
 893647257600.0
 1001880158208.0
 1135809527808.0
 1194055303168.0
 1131978686464.0
 995841671168.0
 879713583104.0
 847258714112.0
 884754677760.0
 919331274752.0
 881820106752.0
 759624499200.0
 597988933632.0
 456644722688.0
 365603127296.0
 314749976576.0
 275079299072.0
 226033975296.0
 167501889536.0
 112614408192.0
 72764063744.0
 49645150208.0
 38823661568.0
 36648275968.0
 41586200576.0
 50905165824.0
 59516891136.0
 63259398144.0
 62192824320.0
 59546910720.0
 57511157760.0
 54690177024.0
 47904948224.0
 36224090112.0
 22861662208.0
 12829429760.0
 8671309824.0
 8673595392.0
 9239930880.0
 8584636416.0
 7809214464.0
 8743520256.0
 11332294656.0
 13406810112.0
 13005855744.0
 10606563328.0
 8599370752.0
 8594130944.0
 9805185024.0
 10247744512.0
 9023030272.0
 7159446528.0
 6415043584.0
 7343947776.0
 8628847616.0
 8584748032.0
 7143709696.0
 5824784896.0
 5850844672.0
 6878092800.0
 7567016448.0
 7007641088.0
 3641055744.0
 3941514496.0
 4578339840.0
 5051733504.0
 5021630464.0
 4506760192.0
 4215707904.0
 4790685696.0
 5721547776.0
 6008256000.0
 5552554496.0
 5062644736.0
 5160561152.0
 5982591488.0
 6942496768.0
 7068102656.0
 6316967936.0
 5872911360.0
 6524522496.0
 7692320768.0
 8373384192.0
 8140956672.0
 7376352256.0
 7185158144.0
 8335048192.0
 9923254272.0
 10321472512.0
 9455100928.0
 8781931520.0
 9346978816.0
 10944389120.0
 12481574912.0
 12665574400.0
 11492951040.0
 10906847232.0
 12444453888.0
 14928401408.0
 16082465792.0
 15411564544.0
 14314266624.0
 14552289280.0
 16928537600.0
 20077467648.0
 21213542400.0
 19696939008.0
 18465038336.0
 20285566976.0
 24295196672.0
 27460978688.0
 27835830272.0
 26132928512.0
 25559566336.0
 29072916480.0
 35290173440.0
 39139250176.0
 38163558400.0
 35839807488.0
 37329776640.0
 43932516352.0
 52076605440.0
 56366542848.0
 54812729344.0
 52319879168.0
 56465408000.0
 68263911424.0
 80035643392.0
 84067794944.0
 81184833536.0
 80003530752.0
 88873189376.0
 107373584384.0
 124838608896.0
 130275926016.0
 125516316672.0
 125263028224.0
 141719552000.0
 171066376192.0
 196503977984.0
 204267536384.0
 197948129280.0
 197688623104.0
 221778198528.0
 266364813312.0
 306157715456.0
 318744428544.0
 308044759040.0
 302540685312.0
 329468248064.0
 388193779712.0
 447395823616.0
 471682449408.0
 455508459520.0
 431163572224.0
 440506449920.0
 496133734400.0
 568158912512.0
 608728907776.0
 593106108416.0
 541585080320.0
 502235430912.0
 509180346368.0
 553717071872.0
 593005248512.0
 586498244608.0
 527882354688.0
 447156420608.0
 383679954944.0
 354725789696.0
 346105184256.0
 329654239232.0
 288313933824.0
 226910781440.0
 163841540096.0
 115009699840.0
 83910017024.0
 63713357824.0
 46656348160.0
 30804248576.0
 18849757184.0
 12805197824.0
 11539599360.0
 12747805696.0
 15415330816.0
 19622520832.0
 24725766144.0
 28699754496.0
 29537699840.0
 27080314880.0
 23226552320.0
 20191447040.0
 18493872128.0
 16772901888.0
 13658021888.0
 9564242944.0
 6358997504.0
 5396462080.0
 6208513536.0
 7134445568.0
 7023326720.0
 6240977920.0
 5999968256.0
 6781220352.0
 7719097344.0
 7675199488.0
 6578131456.0
 5421967360.0
 5141206528.0
 5700883456.0
 6200536064.0
 5847087616.0
 4864539136.0
 4237745408.0
 4501187584.0
 5137409536.0
 5290116608.0
 4722576896.0
 3952804352.0
 3683065600.0
 4095581440.0
 4599405568.0
 2754664192.0
 2563621120.0
 2476304896.0
 2738483712.0
 3202314496.0
 3354939904.0
 3085249280.0
 2856249344.0
 3005779456.0
 3424504320.0
 3809503488.0
 3854730240.0
 3535847936.0
 3340613888.0
 3702719232.0
 4322522112.0
 4593499648.0
 4400041472.0
 4097073664.0
 4109685248.0
 4651988480.0
 5380751872.0
 5579494912.0
 5144977408.0
 4849013760.0
 5257923584.0
 6070531072.0
 6667149312.0
 6679234048.0
 6220708864.0
 6029640704.0
 6785326080.0
 8005058048.0
 8514101248.0
 8086983680.0
 7643467776.0
 7983588864.0
 9127133184.0
 10424217600.0
 10886539264.0
 10253143040.0
 9769100288.0
 10768573440.0
 12749046784.0
 14055296000.0
 13993143296.0
 13329466368.0
 13394336768.0
 15083095040.0
 17766334464.0
 19379843072.0
 18866927616.0
 17934262272.0
 19012679680.0
 22241439744.0
 25565980672.0
 26994823168.0
 26338842624.0
 25713438720.0
 27953201152.0
 33213077504.0
 38018891776.0
 39225663488.0
 37959811072.0
 38323355648.0
 43015634944.0
 50768199680.0
 57233297408.0
 58872164352.0
 57274908672.0
 58586300416.0
 66891124736.0
 79102427136.0
 88009498624.0
 89847611392.0
 88218173440.0
 91117666304.0
 103534698496.0
 121629016064.0
 135205158912.0
 138004529152.0
 135134945280.0
 138610163712.0
 155388559360.0
 180162658304.0
 199612874752.0
 204493307904.0
 199140179968.0
 198711164928.0
 214984687616.0
 244134625280.0
 269330612224.0
 276060995584.0
 265554149376.0
 254008623104.0
 258203860992.0
 280005836800.0
 303939158016.0
 310611640320.0
 293759713280.0
 265309421568.0
 244490076160.0
 241292886016.0
 248599658496.0
 249178685440.0
 230789955584.0
 195815800832.0
 157698293760.0
 129064050688.0
 112746692608.0
 102203285504.0
 88966545408.0
 69910323200.0
 48598548480.0
 30760398848.0
 19101782016.0
 12294615040.0
 7814556672.0
 4619823616.0
 3146176512.0
 3695330048.0
 5532722688.0
 7464525824.0
 8895085568.0
 10109487104.0
 11545453568.0
 12929510400.0
 13322088448.0
 12125450240.0
 9900805120.0
 7930270720.0
 6973837824.0
 6669015552.0
 6159608320.0
 5103859200.0
 3989898240.0
 3555672320.0
 3954510336.0
 4550216192.0
 4616464384.0
 4128289280.0
 3679862784.0
 3721468672.0
 4095104000.0
 4279716864.0
 3952235776.0
 3331743744.0
 2973486848.0
 3139091456.0
 3476246784.0
 3472542720.0
 3069592576.0
 2650392576.0
 2565852416.0
 2808119552.0
 3038426624.0
 2914192640.0
 2492414720.0
 2201762560.0
 2299705088.0
 1673681280.0
 1753222784.0
 1627964032.0
 1510595328.0
 1615897600.0
 1843508736.0
 1982838528.0
 1966662400.0
 1850926848.0
 1795452800.0
 1966135552.0
 2262393088.0
 2379616512.0
 2250366976.0
 2122110976.0
 2197147648.0
 2461905664.0
 2749933056.0
 2824819456.0
 2640718848.0
 2518657024.0
 2749391872.0
 3159402496.0
 3381885952.0
 3323507200.0
 3158259712.0
 3152121344.0
 3502787584.0
 4030911488.0
 4242350080.0
 4012552192.0
 3827283200.0
 4092946432.0
 4662697472.0
 5149419520.0
 5275287040.0
 5041098240.0
 4904054784.0
 5394414592.0
 6298627072.0
 6814539264.0
 6663414784.0
 6400509440.0
 6630753792.0
 7466357248.0
 8523437056.0
 9094996992.0
 8846912512.0
 8513189888.0
 9150926848.0
 10679548928.0
 11972350976.0
 12294708224.0
 11988846592.0
 12023565312.0
 13234551808.0
 15438033920.0
 17212401664.0
 17414938624.0
 16840516608.0
 17413042176.0
 19869921280.0
 23029180416.0
 25096955904.0
 25313837056.0
 24850006016.0
 26090430464.0
 30114680832.0
 34994241536.0
 37688082432.0
 37577904128.0
 37247438848.0
 39840350208.0
 46008139776.0
 53032353792.0
 56997965824.0
 56806367232.0
 56044396544.0
 59707392000.0
 68799397888.0
 78947041280.0
 84558798848.0
 84213096448.0
 82345164800.0
 85591212032.0
 96442990592.0
 110087372800.0
 118392954880.0
 117722800128.0
 112678846464.0
 111985000448.0
 120492408832.0
 134549110784.0
 144851927040.0
 144539009024.0
 135380074496.0
 126188503040.0
 124843147264.0
 131387203584.0
 138301620224.0
 137245605888.0
 126084366336.0
 110192517120.0
 97291878400.0
 90850770944.0
 87956045824.0
 82865184768.0
 72313421824.0
 57890627584.0
 44059250688.0
 34158239744.0
 28080199680.0
 23356301312.0
 18005577728.0
 12137510912.0
 7168863744.0
 4096103168.0
 2712493056.0
 2167541504.0
 1909157760.0
 2002862464.0
 2687892992.0
 3807395840.0
 4788767744.0
 5190764544.0
 5152065536.0
 5163991040.0
 5428797952.0
 5612978688.0
 5283817472.0
 4443137536.0
 3541481984.0
 3037892352.0
 2990562560.0
 3049073664.0
 2854433024.0
 2440299008.0
 2160794880.0
 2232485376.0
 2486108928.0
 2593212416.0
 2416166144.0
 2112614912.0
 1961594624.0
 2069520256.0
 2236069632.0
 2186768128.0
 1917379840.0
 1681051648.0
 1661908992.0
 1795456384.0
 1881374976.0
 1780744576.0
 1548940928.0
 1401121408.0
 1467016448.0
 1612208256.0
 1614900736.0
 1450348800.0
 1278185728.0
 806545536.0
 907937792.0
 970631296.0
 960178368.0
 927674304.0
 918037248.0
 970284544.0
 1081607424.0
 1154158720.0
 1120422400.0
 1064992768.0
 1096213376.0
 1202000512.0
 1307314432.0
 1351021952.0
 1311071872.0
 1265468672.0
 1337489920.0
 1504182912.0
 1610048384.0
 1595579136.0
 1547286400.0
 1559442048.0
 1678312192.0
 1872361728.0
 1993015296.0
 1943437184.0
 1868370816.0
 1963108480.0
 2189282560.0
 2374757888.0
 2439676672.0
 2404245760.0
 2374979584.0
 2527241984.0
 2864007680.0
 3110517760.0
 3092813824.0
 3006980096.0
 3112173824.0
 3420770304.0
 3790164224.0
 4044457984.0
 4055156992.0
 3972803840.0
 4174231296.0
 4729765888.0
 5240844288.0
 5401645056.0
 5363153408.0
 5455390720.0
 5884015104.0
 6621548544.0
 7310415872.0
 7535581696.0
 7440309248.0
 7676567040.0
 8549333504.0
 9642674176.0
 10391327744.0
 10643638272.0
 10728084480.0
 11257712640.0
 12592411648.0
 14250417152.0
 15289491456.0
 15492424704.0
 15702378496.0
 16828058624.0
 18905378816.0
 21134131200.0
 22560546816.0
 22966773760.0
 23335985152.0
 25014423552.0
 28129808384.0
 31278632960.0
 33037467648.0
 33464829952.0
 34024722432.0
 36239974400.0
 40239325184.0
 44378193920.0
 46632022016.0
 46733987840.0
 46669070336.0
 48719667200.0
 53126656000.0
 57766588416.0
 60036513792.0
 59219951616.0
 57282871296.0
 57198395392.0
 60107161600.0
 64054714368.0
 65682718720.0
 63265677312.0
 58228830208.0
 53855223808.0
 52412981248.0
 53228212224.0
 53372059648.0
 50281893888.0
 43901956096.0
 36526043136.0
 30737764352.0
 27401248768.0
 25338167296.0
 22719774720.0
 18747486208.0
 14123253760.0
 10128857088.0
 7437910016.0
 5772522496.0
 4462907392.0
 3155330816.0
 2008106368.0
 1345862912.0
 1232414464.0
 1399779456.0
 1546529920.0
 1631025024.0
 1820748288.0
 2188118016.0
 2558108416.0
 2696064512.0
 2570051072.0
 2360563456.0
 2250118656.0
 2252634624.0
 2226283008.0
 2036166272.0
 1719794048.0
 1466611712.0
 1406247424.0
 1466210560.0
 1479552000.0
 1377391360.0
 1232848640.0
 1162681472.0
 1209495296.0
 1290002176.0
 1275801216.0
 1149415680.0
 1028942784.0
 1012651072.0
 1067262912.0
 1094032768.0
 1039178176.0
 930038528.0
 851648640.0
 866509568.0
 928857344.0
 931358080.0
 848777536.0
 762181120.0
 740504448.0
 773459904.0
 807537152.0
 789767040.0
 434135776.0
 428994016.0
 450964800.0
 496514752.0
 536752192.0
 530890400.0
 497155360.0
 500208576.0
 553282752.0
 607745088.0
 626302656.0
 608860352.0
 585040000.0
 605250560.0
 680261760.0
 744198400.0
 741939520.0
 707589760.0
 706095808.0
 758686976.0
 843054080.0
 903897280.0
 891567616.0
 845874240.0
 868849280.0
 975910848.0
 1074543360.0
 1100667776.0
 1075225088.0
 1055716352.0
 1108295808.0
 1250236928.0
 1380090624.0
 1385899520.0
 1323631360.0
 1344898304.0
 1484952832.0
 1653563648.0
 1760132480.0
 1763296640.0
 1713328640.0
 1765878272.0
 1998562816.0
 2252999168.0
 2333279744.0
 2278160640.0
 2280707584.0
 2452524800.0
 2761335040.0
 3058838016.0
 3163116032.0
 3088143872.0
 3119873792.0
 3468735744.0
 3966753536.0
 4290230016.0
 4343332352.0
 4308946944.0
 4472286208.0
 5000408064.0
 5715265536.0
 6174508544.0
 6191413760.0
 6138101248.0
 6522071552.0
 7401240064.0
 8358972928.0
 8920163328.0
 8973028352.0
 8953139200.0
 9523980288.0
 10842960896.0
 12259598336.0
 12984377344.0
 12965826560.0
 12944916480.0
 13731641344.0
 15454010368.0
 17360945152.0
 18419329024.0
 18350292992.0
 18046306304.0
 18731843584.0
 20701614080.0
 23003551744.0
 24325007360.0
 24174485504.0
 23346212864.0
 23255990272.0
 24629870592.0
 26749657088.0
 28084058112.0
 27716765696.0
 26144751616.0
 24744529920.0
 24508610560.0
 25202579456.0
 25636159488.0
 24769226752.0
 22627057664.0
 20186316800.0
 18413299712.0
 17429227520.0
 16544589824.0
 15014028288.0
 12743549952.0
 10321708032.0
 8428522496.0
 7243165696.0
 6394619904.0
 5411677184.0
 4172191232.0
 2944165120.0
 2063523584.0
 1613498368.0
 1399354240.0
 1186847488.0
 927451392.0
 748083456.0
 753202240.0
 885812992.0
 999591680.0
 1025219392.0
 1019355712.0
 1064824192.0
 1165359872.0
 1241641728.0
 1212669952.0
 1084003328.0
 953183744.0
 907074176.0
 925003136.0
 915621248.0
 833899328.0
 723961280.0
 658349440.0
 665279616.0
 704993152.0
 706412480.0
 644461504.0
 573438336.0
 557611264.0
 589882816.0
 610954880.0
 584573824.0
 526026912.0
 479222240.0
 478617664.0
 510589824.0
 519690880.0
 478102048.0
 423946816.0
 405902784.0
 423629344.0
 442874688.0
 435666816.0
 397959104.0
 357249792.0
 351918752.0
 378912640.0
 228109744.0
 231436096.0
 223955264.0
 223576736.0
 241976000.0
 262074272.0
 267307200.0
 263620576.0
 262263168.0
 270340256.0
 291569056.0
 313732768.0
 317383776.0
 308440352.0
 311432736.0
 332402368.0
 358013472.0
 376128608.0
 378819808.0
 371256192.0
 378945408.0
 413570176.0
 448077472.0
 457503232.0
 453791712.0
 458464096.0
 479804992.0
 519391808.0
 560524288.0
 572030592.0
 559918848.0
 571600384.0
 622698368.0
 676759488.0
 706750720.0
 717417856.0
 721476096.0
 744589056.0
 811555776.0
 891872896.0
 925362048.0
 918873472.0
 938466944.0
 1009693952.0
 1101918976.0
 1182553344.0
 1227679488.0
 1235970944.0
 1266294144.0
 1379066496.0
 1531534848.0
 1627234432.0
 1655298688.0
 1689533184.0
 1786121600.0
 1950420736.0
 2142215680.0
 2278437632.0
 2320713728.0
 2365405952.0
 2539152128.0
 2821278976.0
 3074435328.0
 3217780736.0
 3291405056.0
 3405538304.0
 3666359296.0
 4065020928.0
 4431143424.0
 4608599552.0
 4671698432.0
 4853792256.0
 5274749952.0
 5823168000.0
 6275013632.0
 6486263808.0
 6540780544.0
 6726327808.0
 7256938496.0
 7996468736.0
 8561261568.0
 8722642944.0
 8643554304.0
 8721164288.0
 9224606720.0
 10029760512.0
 10674882560.0
 10761444352.0
 10364826624.0
 10001112064.0
 10138467328.0
 10747633664.0
 11320948736.0
 11311476736.0
 10602114048.0
 9614851072.0
 8952084480.0
 8869911552.0
 9066871808.0
 8977497088.0
 8272839680.0
 7110280192.0
 5955216384.0
 5179931136.0
 4795526144.0
 4517918208.0
 4064143360.0
 3389759744.0
 2672796928.0
 2110240768.0
 1748753152.0
 1491989120.0
 1232788224.0
 958046784.0
 734277376.0
 613512448.0
 570972864.0
 538032384.0
 480759808.0
 426657568.0
 417356864.0
 455972608.0
 505715200.0
 526939200.0
 512227712.0
 490590080.0
 492855776.0
 511909536.0
 511049952.0
 472883072.0
 420236640.0
 385792960.0
 378886560.0
 383245568.0
 374435904.0
 343237408.0
 308648224.0
 297277568.0
 308125376.0
 314750720.0
 301039680.0
 276094528.0
 257512336.0
 255160288.0
 264373168.0
 266794832.0
 249687360.0
 225539968.0
 216224192.0
 222608352.0
 227826448.0
 221526208.0
 205990896.0
 190174368.0
 185581248.0
 193820832.0
 198889264.0
 187856288.0
 170635200.0
 163316608.0
 95787288.0
 105686136.0
 113055144.0
 113578456.0
 111277456.0
 110295504.0
 114977616.0
 126231456.0
 135092224.0
 133786368.0
 128915104.0
 131220112.0
 141352320.0
 153190544.0
 160010352.0
 157853168.0
 153413808.0
 159736064.0
 176553920.0
 189486336.0
 191280864.0
 188044640.0
 188446464.0
 199351728.0
 220375552.0
 236510496.0
 235009248.0
 227994848.0
 236035632.0
 258545936.0
 280516096.0
 292683424.0
 292896320.0
 289181024.0
 302046240.0
 337472064.0
 369040544.0
 374253984.0
 367716224.0
 375768224.0
 404857152.0
 446227456.0
 482225888.0
 492253088.0
 483779040.0
 497737184.0
 552683904.0
 614383296.0
 645374528.0
 649299584.0
 654379712.0
 688351680.0
 763131008.0
 849875520.0
 894269184.0
 889699008.0
 898084864.0
 970219072.0
 1086056448.0
 1188904320.0
 1240519936.0
 1247406208.0
 1268640256.0
 1371993728.0
 1545941632.0
 1693324032.0
 1745948928.0
 1745993984.0
 1792532480.0
 1943225088.0
 2168598272.0
 2367548672.0
 2448796928.0
 2437756160.0
 2473476864.0
 2660076032.0
 2948780032.0
 3192306688.0
 3288635904.0
 3266399488.0
 3262996480.0
 3410667520.0
 3702682624.0
 3979728128.0
 4083085312.0
 4012676608.0
 3915548160.0
 3938520064.0
 4102406656.0
 4291486720.0
 4353043456.0
 4231642112.0
 4017204736.0
 3850034432.0
 3782898688.0
 3747731200.0
 3642100736.0
 3427322624.0
 3149901312.0
 2886092544.0
 2668352512.0
 2461661184.0
 2213040384.0
 1920133760.0
 1639822848.0
 1428396800.0
 1283933056.0
 1152684672.0
 986383104.0
 789324736.0
 612221952.0
 502840960.0
 461571648.0
 444222592.0
 406418496.0
 341444416.0
 275620640.0
 235251136.0
 223140400.0
 222118032.0
 215618640.0
 204723872.0
 203878480.0
 218875568.0
 235780080.0
 236929296.0
 221345376.0
 202933840.0
 193979008.0
 195145152.0
 196551328.0
 187289168.0
 168264144.0
 152904880.0
 150498320.0
 154672976.0
 153483456.0
 143816688.0
 131575016.0
 124395360.0
 125680368.0
 130144784.0
 127805056.0
 116994336.0
 107332152.0
 106068272.0
 109517136.0
 110477360.0
 105943408.0
 97453056.0
 90621640.0
 90909816.0
 95289568.0
 94799384.0
 87588448.0
 80724576.0
 78970360.0
 80674568.0
 82511184.0
 81054272.0
 42456416.0
 43437908.0
 46337328.0
 49770820.0
 51995344.0
 51182896.0
 49490224.0
 51400844.0
 56534200.0
 60292460.0
 60678104.0
 59375676.0
 59146360.0
 62607900.0
 68985768.0
 72985320.0
 71934976.0
 70195808.0
 72496736.0
 78388400.0
 84769216.0
 88209648.0
 86924128.0
 85242064.0
 90124128.0
 100178856.0
 106902208.0
 107318744.0
 106086432.0
 107888800.0
 115234240.0
 127141480.0
 135840992.0
 135115232.0
 132206344.0
 138773744.0
 153547632.0
 166310720.0
 172064320.0
 172316512.0
 172702320.0
 182723296.0
 204307536.0
 223045184.0
 226332240.0
 223051648.0
 230399456.0
 251694496.0
 277770048.0
 297381888.0
 302851968.0
 300787808.0
 312993376.0
 349288160.0
 389202208.0
 407952032.0
 408050784.0
 412259776.0
 438992832.0
 489219008.0
 542019200.0
 567653376.0
 563699712.0
 567827904.0
 614776320.0
 692641216.0
 757806976.0
 781450752.0
 774690432.0
 781616384.0
 843825280.0
 952550528.0
 1044100160.0
 1065335552.0
 1036953344.0
 1034072896.0
 1109834112.0
 1244682624.0
 1360100096.0
 1384407040.0
 1325114240.0
 1275355136.0
 1327060864.0
 1473865984.0
 1612103424.0
 1637851520.0
 1540881536.0
 1414868992.0
 1378737664.0
 1470097792.0
 1604322816.0
 1647607424.0
 1539678208.0
 1345652352.0
 1192504576.0
 1158784768.0
 1214795776.0
 1254948480.0
 1189906432.0
 1020038912.0
 827214848.0
 697575872.0
 652467520.0
 647009856.0
 622127168.0
 553282816.0
 458445184.0
 371140480.0
 309519584.0
 268238912.0
 234550592.0
 205808032.0
 188287136.0
 183175328.0
 180265088.0
 166657728.0
 139360000.0
 108612920.0
 88996432.0
 86087192.0
 91875280.0
 94691128.0
 91671064.0
 88646168.0
 90252176.0
 94361680.0
 95286384.0
 89654592.0
 80026584.0
 73309888.0
 73390824.0
 76170536.0
 74856168.0
 68480336.0
 61857272.0
 59149676.0
 60326144.0
 61973924.0
 60120936.0
 54550988.0
 49907048.0
 49833332.0
 52014524.0
 51892656.0
 48543068.0
 44411712.0
 42130700.0
 42837472.0
 44807708.0
 44291504.0
 40389808.0
 36823812.0
 36557140.0
 38043748.0
 38439028.0
 36866524.0
 33978400.0
 31618470.0
 31866240.0
 33763312.0
 18302028.0
 19912842.0
 20351948.0
 19839674.0
 19833192.0
 20678624.0
 22011500.0
 23406306.0
 23933018.0
 23415350.0
 23436060.0
 25001890.0
 26949740.0
 27992200.0
 28127116.0
 27925572.0
 28464610.0
 30647050.0
 33249348.0
 34104580.0
 33555952.0
 33795628.0
 35592312.0
 38265764.0
 40887224.0
 42019064.0
 41386108.0
 41707400.0
 45086640.0
 49303868.0
 51353712.0
 51632704.0
 52017640.0
 53747256.0
 57909344.0
 63480680.0
 66482852.0
 65760528.0
 65927416.0
 70532888.0
 77324312.0
 82761912.0
 85649352.0
 86247000.0
 87383904.0
 93654856.0
 104271752.0
 111949688.0
 113236464.0
 113363952.0
 118286896.0
 128657848.0
 141496144.0
 151533664.0
 154350208.0
 153889664.0
 160726192.0
 178006032.0
 196541920.0
 206976704.0
 209543104.0
 211579936.0
 221935328.0
 244460320.0
 270828768.0
 285978784.0
 286498592.0
 286559488.0
 301413248.0
 331572416.0
 364255552.0
 384193856.0
 385730208.0
 381144448.0
 392271456.0
 426919904.0
 468272928.0
 492372672.0
 491544608.0
 479430336.0
 478887232.0
 503622208.0
 544235072.0
 573480000.0
 571788224.0
 546711744.0
 524193664.0
 523898016.0
 544117632.0
 564764928.0
 563067648.0
 532250496.0
 487996128.0
 454048160.0
 440896416.0
 439383552.0
 431646336.0
 405062112.0
 359469216.0
 306500832.0
 261703088.0
 233893376.0
 220542320.0
 212225152.0
 199721136.0
 177994832.0
 147791744.0
 115971944.0
 92491136.0
 84133560.0
 89740208.0
 100863360.0
 107002240.0
 101840032.0
 86562184.0
 67793856.0
 52004388.0
 41704828.0
 36138688.0
 33780692.0
 33574728.0
 34987068.0
 37459032.0
 39603540.0
 39631516.0
 37288604.0
 34393948.0
 32671226.0
 32029178.0
 31423668.0
 30203542.0
 28390030.0
 26697218.0
 26033802.0
 26183258.0
 25787048.0
 24280878.0
 22657230.0
 21865726.0
 21782672.0
 21844302.0
 21478524.0
 20315120.0
 18896052.0
 18307540.0
 18539588.0
 18466100.0
 17640938.0
 16676102.0
 16043043.0
 15818175.0
 15967247.0
 15959058.0
 15169891.0
 14080633.0
 13707233.0
 13945401.0
 13937078.0
 13499249.0
 12907015.0
 6695607.5
 7672090.0
 8430264.0
 8390983.0
 7924206.5
 7666630.5
 8156485.5
 9318224.0
 10121884.0
 9800482.0
 9074315.0
 9156449.0
 10206216.0
 11433631.0
 11940459.0
 11410621.0
 10731438.0
 11277950.0
 12984180.0
 14266374.0
 14177070.0
 13388704.0
 13156444.0
 14288037.0
 16415581.0
 17801546.0
 17235024.0
 16056303.0
 16540548.0
 18820756.0
 21087308.0
 21877562.0
 21098720.0
 20178884.0
 21341110.0
 24854884.0
 27793666.0
 27695030.0
 26020092.0
 26007452.0
 28842168.0
 33101776.0
 36068240.0
 35714684.0
 33565404.0
 34187392.0
 39444248.0
 45472008.0
 47596128.0
 45842256.0
 44212552.0
 46760488.0
 54193092.0
 62090820.0
 64307488.0
 60680700.0
 58604864.0
 64367900.0
 75716432.0
 84759120.0
 85933904.0
 81117216.0
 79018992.0
 87544736.0
 104051872.0
 116144720.0
 115235560.0
 106699440.0
 104307840.0
 116444816.0
 137959680.0
 153694944.0
 152048800.0
 138155328.0
 131190192.0
 144936672.0
 172530208.0
 192732576.0
 190302320.0
 170352640.0
 154771024.0
 162958368.0
 192338880.0
 218586176.0
 218475184.0
 192725904.0
 165214112.0
 160628976.0
 182443184.0
 209760192.0
 215373648.0
 190386176.0
 152916672.0
 131378912.0
 138399456.0
 160711456.0
 172449776.0
 157313232.0
 120733840.0
 84025960.0
 66563392.0
 71077104.0
 84191360.0
 89811152.0
 81517888.0
 64017912.0
 46150328.0
 34066656.0
 29379236.0
 31018224.0
 37162300.0
 45262056.0
 51360152.0
 51235092.0
 43411688.0
 30861264.0
 19111852.0
 12328196.0
 10896918.0
 12166442.0
 13246340.0
 13335699.0
 13529583.0
 14608718.0
 15687568.0
 15353601.0
 13505111.0
 11478126.0
 10633915.0
 11130800.0
 11856106.0
 11551250.0
 10205107.0
 9070603.0
 9077310.0
 9728404.0
 9879514.0
 9099247.0
 7953077.5
 7348092.0
 7684842.0
 8364941.0
 8354818.5
 7457461.0
 6560305.0
 6433281.0
 6863237.0
 7129943.0
 6796764.5
 6014771.0
 5435117.0
 5588935.5
 6141564.0
 6234991.5
 5644618.5
 4987195.5
 4810918.0
 5077500.0
 5395493.0
 5319935.0
 2807185.5
 3123599.0
 3171643.5
 3011917.0
 2965205.0
 3124763.5
 3403545.75
 3669875.0
 3715227.5
 3536385.75
 3501908.5
 3825432.0
 4224562.0
 4383811.0
 4313912.5
 4195204.5
 4278980.5
 4722789.0
 5233610.5
 5333920.0
 5098634.5
 5051981.5
 5411686.5
 5971639.0
 6433409.5
 6515717.0
 6255081.5
 6249849.0
 6921133.5
 7770828.5
 8085879.0
 7913736.5
 7783295.5
 8085787.5
 8953025.0
 9999540.0
 10388138.0
 9972326.0
 9790170.0
 10650446.0
 12049299.0
 13032859.0
 13230702.0
 12912262.0
 12926278.0
 14172943.0
 16252500.0
 17512566.0
 17236676.0
 16676589.0
 17357338.0
 19460588.0
 21969396.0
 23426166.0
 23087068.0
 22235202.0
 23279616.0
 26705248.0
 30205908.0
 31471412.0
 30644656.0
 29896048.0
 31553474.0
 36070716.0
 40914644.0
 42617332.0
 40890080.0
 39415136.0
 41791312.0
 47787264.0
 53782808.0
 55987580.0
 53807404.0
 51055896.0
 52793788.0
 59836276.0
 67412352.0
 70096744.0
 67195504.0
 63104760.0
 63280668.0
 69409048.0
 77360440.0
 80603248.0
 76845616.0
 70703784.0
 68943536.0
 73701664.0
 80621144.0
 82804464.0
 76840432.0
 66347424.0
 59515096.0
 61693476.0
 69940672.0
 75347336.0
 70684568.0
 56041896.0
 38390648.0
 26441428.0
 24631258.0
 30356464.0
 36518484.0
 37158704.0
 31288808.0
 22384764.0
 15194614.0
 12876501.0
 15862368.0
 22245974.0
 28940822.0
 32956298.0
 32460600.0
 27461608.0
 19760940.0
 12011072.0
 6338022.5
 3481009.25
 2901464.5
 3510439.0
 4399457.5
 5174123.5
 5777793.5
 6116308.5
 5993538.5
 5407000.0
 4687095.0
 4212583.0
 4081808.0
 4114648.5
 4066816.25
 3842145.0
 3581519.5
 3502434.0
 3601299.75
 3635986.75
 3448799.75
 3150671.5
 2941881.0
 2902285.25
 2963564.25
 2968421.25
 2809818.0
 2585579.5
 2498632.5
 2570316.75
 2618006.5
 2522446.0
 2340722.0
 2185311.75
 2137774.0
 2199189.75
 2239883.75
 2132809.75
 1954608.25
 1882049.625
 1929031.25
 1968697.25
 1930176.375
 1822346.5
